0.0384	-1.3905	-0.0810	0.0000	0.7077	-1.1661	-0.8068	0.0000
-2.1349	-0.6111	-0.0810	0.0000	0.5218	-0.6722	-0.3694	0.0000
0.4007	-0.6111	-0.0810	0.0000	0.0572	-0.5824	-0.2721	0.0000
0.5559	0.0265	-0.0810	0.0000	0.3360	-0.2233	-0.7582	0.0000
-1.3070	-1.1780	-0.0810	0.0000	0.6148	-1.1212	-0.8068	0.0000
0.9699	-0.6820	-0.0810	0.0000	-1.1508	-0.5376	-0.2721	0.0000
-0.9965	-1.4614	-0.0810	0.0000	-0.4074	-1.2110	-0.8554	0.0000
-1.4105	-1.0363	-0.0810	0.0000	0.2431	-0.9865	-0.6124	0.0000
-1.4622	-0.3277	-0.0810	0.0000	-0.2216	0.0461	0.2625	0.0000
-0.3238	-0.6111	-0.0810	0.0000	0.7077	-1.4354	-1.0498	0.0000
-0.3238	-1.7448	-0.0810	0.0000	0.8006	-1.0314	-0.7096	0.0000
-1.2035	-0.0443	-0.0810	0.0000	-0.4074	-1.4803	-1.0984	0.0000
-0.4790	-1.1780	-0.0810	0.0000	-0.2216	-1.1661	-0.8068	0.0000
0.1419	0.0974	-0.0810	0.0000	-0.2216	-0.8069	-0.8068	0.0000
-1.3587	-0.3986	-0.0810	0.0000	-0.0357	-1.5252	-1.1470	0.0000
-1.2035	-0.6111	-0.0810	0.0000	-0.2216	-0.2682	0.0195	0.0000
-0.7378	-0.2569	-0.0810	0.0000	-0.9650	-1.1661	-0.8068	0.0000
-0.2203	-1.5322	-0.0810	0.0000	0.6148	0.0910	0.3111	0.0000
-1.3070	-0.6111	-0.0810	0.0000	-0.8720	-0.9865	-0.6610	0.0000
-0.3755	0.5934	-0.0810	0.0000	-0.8720	-1.3007	-0.9526	0.0000
-0.4273	-0.2569	-0.0810	0.0000	-0.9650	-1.2559	-2.5079	0.0000
-0.8930	-1.8157	-0.0810	0.0000	2.2874	-2.0190	-1.8274	0.0000
0.1419	0.3808	-0.0810	0.0000	-0.6862	-0.7171	-0.4180	0.0000
-0.9448	-2.3116	-0.0810	0.0000	0.7077	-1.7497	-1.3900	0.0000
-0.6343	-0.6820	-0.0810	0.0000	-0.0357	-1.2559	-1.3900	0.0000
-0.9965	-0.8237	-0.0810	0.0000	-0.0357	-0.2682	0.0195	0.0000
-1.2035	-0.6111	-0.0810	0.0000	-0.1286	-0.7620	-0.4666	0.0000
-1.4105	0.1682	-0.0810	0.0000	0.1501	-0.8069	-0.5152	0.0000
-0.2721	-0.8237	-0.0810	0.0000	0.4289	-0.6722	-0.3694	0.0000
-0.2721	-0.6820	-0.0810	0.0000	-0.1286	-0.8518	-0.5152	0.0000
0.2454	-0.7529	-0.0810	0.0000	-0.4074	-1.0763	-0.7582	0.0000
-0.7378	-1.1071	-0.0810	0.0000	-0.9650	-0.6722	-0.3694	0.0000
0.4007	0.1682	-0.0810	0.0000	-1.3367	-0.5824	-0.2721	0.0000
-0.4273	-1.3905	-0.0810	0.0000	-0.5933	-0.6722	-0.3694	0.0000
-1.2552	-0.9654	-0.0810	0.0000	-1.6154	-1.3905	-1.0012	0.0000
-0.6343	0.3808	-0.0810	0.0000	-0.6862	-0.5376	-0.2721	0.0000
-0.9965	0.2391	-0.0810	0.0000	-0.5933	-0.9416	-0.6124	0.0000
0.8664	-0.1152	-0.0810	0.0000	0.9865	-0.8967	-0.5638	0.0000
-0.8413	-0.4694	-0.0810	0.0000	-1.2437	-0.9865	-0.6610	0.0000
-0.5308	-0.1860	-0.0810	0.0000	-0.0357	-1.2559	-1.0984	0.0000
-0.7895	-0.2569	-0.0810	0.0000	0.3360	-0.8069	-0.5152	0.0000
-0.9448	-0.8237	-0.0810	0.0000	0.9865	-0.4029	-0.1263	0.0000
-0.4273	0.0974	-0.0810	0.0000	-0.3145	-0.4927	-0.2235	0.0000
-1.0483	-0.7529	-0.0810	0.0000	0.1501	-0.7620	-0.4666	0.0000
0.6594	-0.2569	-0.0810	0.0000	-0.0357	-0.6722	-0.5152	0.0000
-1.6175	-0.7529	-0.0810	0.0000	-0.3145	-0.3580	-0.0777	0.0000
-0.2203	-0.9654	-0.0810	0.0000	0.6148	0.2256	0.4569	0.0000
-0.2721	-0.6111	-0.0810	0.0000	-0.8720	-0.9865	-0.6124	0.0000
-0.3238	-0.9654	-0.0810	0.0000	0.8935	-1.5701	-1.1956	0.0000
-1.3070	-1.1071	-0.0810	0.0000	-0.5003	-0.7620	-0.4180	0.0000
-0.5825	0.2391	-0.0810	0.0000	-0.5933	-0.3580	-0.7582	0.0000
-0.9965	-1.3197	-0.0810	0.0000	-0.3145	-2.1088	-1.6816	0.0000
-1.3587	-0.8946	-0.0810	0.0000	-1.2437	-0.4927	-0.2235	0.0000
-1.3070	0.6642	-0.0810	0.0000	-1.0579	0.1359	0.3597	0.0000
-0.0651	-0.1152	-0.0810	0.0000	-2.4518	-1.5252	-1.2442	0.0000
0.2972	-0.1152	-0.0810	0.0000	-1.8942	-0.7620	-0.4666	0.0000
0.1419	-0.8237	-0.0810	0.0000	-1.2437	-0.6273	-0.3207	0.0000
-0.4273	-0.9654	-0.0810	0.0000	-0.3145	-0.7620	-0.4666	0.0000
-0.2203	-1.0363	-0.0810	0.0000	-1.7084	-0.7620	-0.4180	0.0000
-0.3238	-0.7529	-0.0810	0.0000	0.5218	-0.7171	-0.4180	0.0000
-0.2203	0.5225	-0.0810	0.0000	0.1501	-0.1784	0.1167	0.0000
0.1937	-0.8946	-0.0810	0.0000	-0.6862	-0.9865	-0.6610	0.0000
-0.6343	-0.5403	-0.0810	0.0000	-0.0357	-0.1335	0.1167	0.0000
-1.5657	-1.3197	-0.0810	0.0000	-0.2216	-1.1661	-0.8068	0.0000
-0.0651	-1.3905	-0.0810	0.0000	0.2431	-0.7620	-0.4180	0.0000
-1.2552	-0.3986	-0.0810	0.0000	0.5218	0.0910	0.3597	0.0000
-1.2035	-0.8237	-0.0810	0.0000	-0.6862	-0.7620	-0.4666	0.0000
0.1937	0.5934	-0.0810	0.0000	-0.5933	-0.1335	0.1167	0.0000
-1.2035	-0.8237	-0.0810	0.0000	-0.5003	-1.0763	-0.7582	0.0000
-0.6860	-0.0443	-0.0810	0.0000	0.7077	-0.4478	-0.1749	0.0000
-1.1517	-1.6031	-0.0810	0.0000	-1.3367	-1.1212	-0.8068	0.0000
-0.2203	0.1682	-0.0810	0.0000	-0.1286	-1.0763	-0.7582	0.0000
-0.5825	0.0974	-0.0810	0.0000	-0.5933	-0.6273	-0.3207	0.0000
-0.2203	-0.4694	-0.0810	0.0000	-0.5933	-1.1212	-1.5358	0.0000
-1.2552	-0.3986	-0.0810	0.0000	-1.0579	-0.9865	-0.6610	0.0000
-0.3238	-1.3197	-0.0810	0.0000	-0.0357	-1.0763	-0.7582	0.0000
-0.0133	-0.4694	-0.0810	0.0000	-0.3145	-1.1212	-0.8068	0.0000
-0.3755	-0.0443	-0.0810	0.0000	0.2431	-0.2682	-0.0291	0.0000
-0.2203	-1.4614	-0.0810	0.0000	-0.5003	-1.0314	-0.7096	0.0000
-0.9965	-0.5403	-0.0810	0.0000	-0.0357	-0.5376	-0.2721	0.0000
-0.7378	-1.4614	-0.0810	0.0000	-0.6862	-0.6722	-0.3694	0.0000
-0.3755	-0.3986	-0.0810	0.0000	-0.3145	-0.8518	-0.5152	0.0000
-0.9965	-0.1152	-0.0810	0.0000	-0.6862	-1.2110	-0.8554	0.0000
-0.7378	0.4517	-0.0810	0.0000	0.8935	-0.8518	-0.5152	0.0000
-0.6343	0.5225	-0.0810	0.0000	-0.5003	-0.2233	0.0681	0.0000
-0.4273	-0.1860	-0.0810	0.0000	0.3360	-0.0437	0.2139	0.0000
0.0902	0.0265	-0.0810	0.0000	0.0572	-0.1784	0.0681	0.0000
0.1937	-0.3277	-0.0810	0.0000	-1.0579	-0.6273	-0.4666	0.0000
0.0902	0.1682	-0.0810	0.0000	-1.9871	-1.2110	-0.8554	0.0000
0.2454	-0.4694	-0.0810	0.0000	-3.0093	-0.9416	-0.6124	0.0000
-0.7378	-0.1860	-0.0810	0.0000	0.3360	-0.6722	-0.3694	0.0000
-0.4273	-0.4694	-0.0810	0.0000	-1.0579	-1.0314	-1.1956	0.0000
-0.3755	-0.3986	-0.0810	0.0000	0.1501	-1.1661	-1.2928	0.0000
-0.9448	-0.2569	-0.0810	0.0000	-1.1508	-1.3007	-0.9526	0.0000
-0.8930	-0.1152	-0.0810	0.0000	-1.8013	-0.9865	-0.6124	0.0000
0.8146	1.9396	-0.0810	0.0000	-0.3145	-0.6722	-0.6610	0.0000
-0.6860	-0.8237	-0.0810	0.0000	-1.7084	-0.7171	-0.4180	0.0000
0.4524	0.3808	-0.0810	0.0000	-1.0579	-0.9865	-0.9040	0.0000
0.8664	0.4517	-0.0810	0.0000	-1.3367	-0.5824	-1.1470	0.0000
0.1419	-0.1860	-0.0810	0.0000	0.8935	-0.8518	-0.5152	0.0000
-0.5308	-0.6111	-0.0810	0.0000	1.3582	-1.1212	-0.8068	0.0000
-1.2552	0.5934	-0.0810	0.0000	1.3582	-0.7171	-0.4180	0.0000
-0.5308	-1.6031	-0.0810	0.0000	0.5218	-1.5252	-1.1470	0.0000
-0.7895	-0.1152	-0.0810	0.0000	0.4289	-1.4354	-1.0984	0.0000
-1.2552	-1.0363	-0.0810	0.0000	-0.9650	-0.8967	-0.5638	0.0000
-1.1517	0.0974	-0.0810	0.0000	-0.4074	-0.8069	-0.5152	0.0000
-0.2203	0.0265	-0.0810	0.0000	-0.8720	-0.5376	-0.5638	0.0000
-0.2721	-1.1780	-0.0810	0.0000	-1.4296	-0.2233	0.0195	0.0000
0.0384	-0.3986	-0.0810	0.0000	0.0572	-0.8967	-0.5638	0.0000
-0.0651	-1.4614	-0.0810	0.0000	0.7077	-1.3456	-1.2928	0.0000
-0.8413	-1.1071	-0.0810	0.0000	1.0794	-1.9742	-1.5358	0.0000
-0.7378	-0.9654	-0.0810	0.0000	0.2431	-0.0437	0.2139	0.0000
-0.6860	-1.0363	-0.0810	0.0000	-0.2216	-0.8967	-1.1956	0.0000
-0.5308	-1.3197	-0.0810	0.0000	-0.5003	-0.9416	-0.6124	0.0000
-0.5308	-0.3277	-0.0810	0.0000	-0.5003	-1.3456	-1.0012	0.0000
-0.3755	0.1682	-0.0810	0.0000	0.8935	-1.3456	-1.0012	0.0000
-0.7378	-0.4694	-0.0810	0.0000	-0.6862	-0.7171	-0.4180	0.0000
0.1419	0.0265	-0.0810	0.0000	0.4289	-1.6150	-1.2442	0.0000
-1.2035	0.1682	-0.0810	0.0000	-1.0579	-0.3580	-0.0777	0.0000
-0.9965	-1.4614	-0.0810	0.0000	0.1501	-0.3580	-0.0777	0.0000
-1.2035	-1.6031	-0.0810	0.0000	-0.8720	-0.8069	-0.4666	0.0000
-1.2552	-0.5403	-0.0810	0.0000	0.0572	-1.2110	-0.8554	0.0000
-1.6175	-0.6820	-0.0810	0.0000	0.4289	-0.8967	-0.6124	0.0000
-2.2902	-1.2488	-0.0810	0.0000	-0.6862	-0.9416	-0.6124	0.0000
0.6594	-0.8946	-0.0810	0.0000	0.0572	-0.6722	-0.3694	0.0000
-0.7378	0.1682	-0.0810	0.0000	-0.4074	-0.5824	-0.2721	0.0000
-1.0483	-1.1071	-0.0810	0.0000	-0.3145	-1.2559	-0.9040	0.0000
-0.4273	-0.1860	-0.0810	0.0000	-0.5933	-0.6722	-0.3694	0.0000
-1.3070	-1.0363	-0.0810	0.0000	-0.5003	-1.0763	-0.7096	0.0000
-0.5825	-0.3277	-0.0810	0.0000	-0.5933	-0.4927	-0.2235	0.0000
-2.4972	-0.7529	-0.0810	0.0000	-0.5933	-0.0886	0.1653	0.0000
-0.4790	-1.2488	-0.0810	0.0000	-0.9650	-0.7171	-0.4180	0.0000
-0.9448	-0.3277	-0.0810	0.0000	0.0572	-1.2559	-0.9040	0.0000
-1.1000	-1.3197	-0.0810	0.0000	2.1016	-0.9865	-0.6124	0.0000
-1.6175	0.2391	-0.0810	0.0000	0.0572	-0.5824	-0.2721	0.0000
-0.6343	-0.4694	-0.0810	0.0000	0.4289	-0.8069	-0.5152	0.0000
-0.9448	-0.8237	-0.0810	0.0000	-0.5003	-1.4354	-1.0498	0.0000
-1.1517	-0.6111	-0.0810	0.0000	-1.1508	-1.0763	-0.7096	0.0000
-0.4273	-0.5403	-0.0810	0.0000	0.6148	-1.2559	-0.9040	0.0000
-1.3587	-1.0363	-0.0810	0.0000	-0.5933	-0.9416	-0.6124	0.0000
-0.2203	-0.9654	-0.0810	0.0000	-0.4074	0.0910	0.3597	0.0000
-1.1000	-0.4694	-0.0810	0.0000	-1.0579	-0.5376	-0.4180	0.0000
-1.6692	-0.3986	-0.0810	0.0000	0.5218	-1.0314	-0.7096	0.0000
-2.1867	0.8768	-0.0810	0.0000	0.0572	1.8867	-0.7096	1.0000
-0.2203	0.2391	-0.0810	0.0000	-0.5003	-0.1335	0.1167	1.0000
0.7629	-0.1152	-0.0810	0.0000	0.2431	1.4378	1.5748	1.0000
-1.3070	-0.0443	-0.0810	0.0000	0.9865	1.7071	1.8178	1.0000
-0.7378	0.0265	-0.0810	0.0000	0.8935	1.5724	1.3804	1.0000
-0.2721	-0.6111	-0.0810	0.0000	0.8935	1.1235	1.2832	1.0000
-0.1168	0.8768	-0.0810	0.0000	-0.0357	1.6173	1.7206	1.0000
-1.1000	-0.9654	-0.0810	0.0000	0.2431	1.2133	1.3318	1.0000
0.1937	-0.6820	-0.0810	0.0000	1.5440	0.9439	1.0401	1.0000
-0.9965	-0.1152	-0.0810	0.0000	2.1016	0.6746	0.8457	1.0000
0.3489	-0.1152	-0.0810	0.0000	0.8006	1.2582	1.3804	1.0000
-1.8762	1.3019	-0.0810	0.0000	2.3803	0.3603	0.5541	1.0000
-0.4273	0.0974	-0.0810	0.0000	1.5440	1.4378	1.5748	1.0000
1.2804	-0.8946	-0.0810	0.0000	0.4289	1.8418	1.9636	1.0000
1.8496	-0.3277	-0.0810	0.0000	-0.0357	0.9439	1.0887	1.0000
-0.0133	-0.2569	-0.0810	0.0000	1.0794	1.2582	1.3804	1.0000
0.2972	0.0265	-0.0810	0.0000	-0.7791	1.6622	1.7692	1.0000
-0.0133	-0.5403	-0.0810	0.0000	0.2431	1.7969	1.7692	1.0000
0.0902	1.2311	-0.0810	0.0000	-1.6154	1.8867	1.9636	1.0000
1.2286	-0.1860	-0.0810	0.0000	0.2431	0.7195	0.8943	1.0000
-0.0651	0.4517	-0.0810	0.0000	0.8935	0.9439	1.1373	1.0000
-0.7895	0.5225	-0.0810	0.0000	-1.4296	1.2582	1.3804	1.0000
0.8146	0.6642	-0.0810	0.0000	-0.0357	1.2582	1.0401	1.0000
0.2972	0.5934	-0.0810	0.0000	0.7077	1.3929	1.5262	1.0000
-0.0651	0.7351	-0.0810	0.0000	0.3360	1.1684	1.3318	1.0000
0.7629	0.0974	-0.0810	0.0000	0.9865	1.5724	1.6720	1.0000
0.0384	-0.4694	-0.0810	0.0000	0.4289	1.3031	1.4290	1.0000
-0.8930	0.0974	-0.0810	0.0000	0.8006	1.5276	1.6234	1.0000
1.3321	-0.3277	-0.0810	0.0000	0.6148	1.7071	1.8178	1.0000
-0.7895	-0.2569	-0.0810	0.0000	-0.3145	1.7071	1.8178	1.0000
-0.1686	-0.6111	-0.0810	0.0000	1.1723	1.0786	1.2346	1.0000
1.1769	-0.6111	-0.0810	0.0000	2.1016	0.8990	1.0887	1.0000
0.0902	-0.8237	-0.0810	0.0000	1.6369	0.6297	0.8457	1.0000
0.9181	0.3100	-0.0810	0.0000	0.9865	0.7195	0.6999	1.0000
0.6076	0.8768	-0.0810	0.0000	0.5218	0.7644	0.9429	1.0000
1.7978	-0.8237	-0.0810	0.0000	1.1723	0.9439	1.0887	1.0000
-0.7378	0.1682	-0.0810	0.0000	1.7299	1.7969	1.8664	1.0000
0.7629	0.3808	-0.0810	0.0000	1.5440	1.3031	1.4290	1.0000
1.1251	-0.6111	-0.0810	0.0000	0.7077	1.6173	1.5262	1.0000
0.6076	0.0974	12.3491	0.0000	0.5218	1.2133	1.3804	1.0000
-1.6692	0.1682	-0.0810	0.0000	-1.4296	-0.4927	-0.1749	1.0000
1.3321	1.5145	-0.0810	0.0000	1.6369	0.6746	0.8457	1.0000
-1.4622	-0.1860	-0.0810	0.0000	0.8006	1.2582	1.4290	1.0000
2.1083	0.4517	-0.0810	0.0000	0.2431	0.9888	1.1859	1.0000
1.1251	-0.1860	-0.0810	0.0000	0.7077	1.2582	1.0401	1.0000
-1.8762	-0.3986	-0.0810	0.0000	1.3582	0.8990	1.0887	1.0000
0.6594	0.2391	-0.0810	0.0000	0.5218	0.7644	0.0195	1.0000
-0.7895	-0.8237	-0.0810	0.0000	-0.2216	0.6746	0.8457	1.0000
0.7629	1.1602	-0.0810	0.0000	1.6369	0.7644	0.9429	1.0000
-0.3755	0.1682	-0.0810	0.0000	0.4289	1.1235	1.2832	1.0000
-0.7378	1.3019	-0.0810	0.0000	0.3360	1.1684	1.3318	1.0000
0.5042	-1.0363	-0.0810	0.0000	0.7077	1.6622	1.4290	1.0000
0.5559	0.5225	-0.0810	0.0000	0.6148	1.3480	1.4776	1.0000
0.1419	-0.6111	-0.0810	0.0000	0.8006	0.5399	0.7485	1.0000
0.0902	0.5934	-0.0810	0.0000	2.1016	0.4950	0.6999	1.0000
0.6076	-0.1860	-0.0810	0.0000	-0.3145	1.3929	1.5262	1.0000
-0.5825	-0.1152	-0.0810	0.0000	-0.8720	1.1684	1.3318	1.0000
0.5042	0.4517	-0.0810	0.0000	0.8006	0.8990	1.0887	1.0000
-0.6343	-0.1152	-0.0810	0.0000	0.2431	0.8542	0.9915	1.0000
-0.4790	-0.5403	-0.0810	0.0000	0.3360	0.9888	1.1373	1.0000
-0.6860	0.1682	-0.0810	0.0000	1.1723	0.9439	1.0887	1.0000
-0.8930	-0.3277	-0.0810	0.0000	0.1501	1.3031	1.4776	1.0000
0.6594	1.2311	-0.0810	0.0000	-0.2216	1.6622	1.7692	1.0000
-0.0133	0.0265	-0.0810	0.0000	0.3360	1.2133	0.9429	1.0000
-1.9280	0.0974	-0.0810	0.0000	0.8935	0.9888	0.7971	1.0000
-0.8930	-0.8946	-0.0810	0.0000	0.8935	1.9765	2.0608	1.0000
1.0216	0.1682	-0.0810	0.0000	2.1016	1.1235	1.2832	1.0000
1.0734	-0.6820	-0.0810	0.0000	0.8006	1.1684	1.3318	1.0000
0.1937	0.3808	-0.0810	0.0000	1.2652	1.1684	1.3318	1.0000
-0.1168	0.7351	-0.0810	0.0000	-1.1508	1.1684	-1.3900	1.0000
-0.6343	-0.2569	-0.0810	0.0000	-0.9650	1.3031	-1.6816	1.0000
-2.4972	0.1682	-0.0810	0.0000	-1.2437	0.7644	-0.3694	1.0000
-1.9797	0.0265	-0.0810	0.0000	-0.6862	0.7644	-1.4872	1.0000
-0.9448	0.1682	-0.0810	0.0000	-0.5933	0.4950	-0.8554	1.0000
0.6594	-0.1152	-0.0810	0.0000	-4.4961	1.3480	-0.9526	1.0000
0.7629	1.8687	-0.0810	0.0000	1.4511	1.0337	0.6999	1.0000
1.1769	0.2391	-0.0810	0.0000	1.4511	2.2459	2.3038	1.0000
1.2286	-0.4694	-0.0810	0.0000	1.5440	1.2133	1.3318	2.0000
1.5908	-0.5403	-0.0810	0.0000	1.6369	1.3929	1.5262	2.0000
1.7978	-0.0443	-0.0810	0.0000	1.5440	1.1684	1.3318	2.0000
1.0734	-0.3986	-0.0810	0.0000	0.9865	1.0786	1.2346	2.0000
1.5908	-0.8946	-0.0810	0.0000	-0.2216	1.4378	0.8943	2.0000
1.5391	-1.1071	-0.0810	0.0000	0.8006	1.2133	1.3318	2.0000
1.3839	-0.8237	-0.0810	0.0000	1.4511	0.8990	1.0887	2.0000
0.5559	-1.3905	-0.0810	0.0000	1.4511	1.1235	1.2346	2.0000
0.9699	-0.8237	-0.0810	0.0000	0.5218	0.6297	0.7971	2.0000
0.9181	-0.0443	-0.0810	0.0000	0.5218	0.8990	1.0887	2.0000
0.8146	-0.1860	-0.0810	0.0000	-0.0357	1.0337	1.1859	2.0000
1.4356	1.5853	-0.0810	0.0000	0.1501	0.9439	1.1373	2.0000
1.8496	0.0265	-0.0810	0.0000	0.6148	1.2582	1.0887	2.0000
1.4873	0.4517	-0.0810	0.0000	0.2431	1.2582	1.0887	2.0000
1.6943	-0.3277	-0.0810	0.0000	-0.5933	0.7644	0.7971	2.0000
0.5042	0.8059	-0.0810	0.0000	0.9865	1.0337	1.1859	2.0000
0.7629	-0.4694	-0.0810	0.0000	-0.0357	1.2133	1.3804	2.0000
0.7111	-0.4694	-0.0810	0.0000	0.8935	1.3031	1.4290	2.0000
1.9531	-0.6820	-0.0810	0.0000	0.9865	1.7520	1.8664	2.0000
1.6943	0.3100	-0.0810	0.0000	0.8006	1.6622	1.7692	2.0000
2.0048	0.0265	-0.0810	0.0000	1.1723	1.1684	1.3318	2.0000
-0.0651	-0.1860	-0.0810	0.0000	1.2652	1.0786	1.2346	2.0000
1.4356	-0.5403	-0.0810	0.0000	0.1501	0.4052	0.5055	2.0000
1.1251	0.3100	-0.0810	0.0000	2.0086	1.6173	1.7206	2.0000
0.8146	-0.2569	-0.0810	0.0000	1.7299	0.4950	0.6999	2.0000
1.6943	0.2391	-0.0810	0.0000	0.8006	1.2582	1.3804	2.0000
1.2804	-1.6031	-0.0810	0.0000	0.8006	1.1235	1.2832	2.0000
0.0384	0.8768	12.3491	0.0000	0.7077	0.9439	1.0887	2.0000
2.0566	-0.4694	-0.0810	0.0000	0.3360	1.0337	1.1373	2.0000
1.8496	0.3808	-0.0810	0.0000	2.4733	1.8867	0.8943	2.0000
0.7629	0.1682	-0.0810	0.0000	1.4511	0.9888	1.1859	2.0000
1.9531	0.4517	-0.0810	0.0000	1.3582	1.3929	1.5262	2.0000
1.5908	0.3808	-0.0810	0.0000	0.1501	0.7195	0.7971	2.0000
0.4524	-0.7529	-0.0810	0.0000	-3.9386	-0.0437	-0.9040	2.0000
1.5391	-0.3277	-0.0810	0.0000	-0.3145	1.0337	0.7971	2.0000
1.3321	0.0265	-0.0810	0.0000	-0.5933	0.1807	-0.7582	3.0000
1.1251	0.8768	-0.0810	0.0000	0.7077	0.0910	-0.4180	3.0000
0.9181	2.6481	-0.0810	0.0000	-1.3367	-0.4029	-0.7582	3.0000
1.2804	2.0813	-0.0810	0.0000	0.8935	0.0461	-1.0012	3.0000
0.8664	0.5934	-0.0810	0.0000	-0.1286	-0.1335	-0.0291	3.0000
1.2286	2.6481	-0.0810	0.0000	-2.9164	0.2256	-1.4872	3.0000
0.9699	1.5145	-0.0810	0.0000	-0.2216	-0.2233	-0.9040	3.0000
0.9699	2.2939	-0.0810	0.0000	0.5218	-0.0437	-1.3900	3.0000
0.9699	0.8768	-0.0810	0.0000	0.2431	-0.5824	-0.6610	3.0000
0.7629	3.6401	-0.0810	0.0000	-1.2437	0.0461	-0.1263	3.0000
0.4524	0.7351	-0.0810	0.0000	-0.8720	-0.1335	-0.9040	3.0000
1.1769	1.5853	-0.0810	0.0000	-0.7791	0.1807	-0.6124	3.0000
0.9181	1.7979	-0.0810	0.0000	-1.6154	-0.5376	-0.4180	3.0000
0.9699	2.2939	-0.0810	0.0000	-2.1730	-0.3580	-1.2928	3.0000
0.8146	1.6562	-0.0810	0.0000	0.0572	-0.3580	-1.5844	3.0000
1.0216	2.3647	-0.0810	0.0000	-0.9650	0.6746	0.2139	3.0000
-0.8413	-0.6820	-0.0810	0.0000	0.4289	-0.9865	-0.6610	3.0000
1.1251	1.0894	-0.0810	0.0000	-0.1286	0.0461	-0.2235	3.0000
0.7629	0.5934	-0.0810	0.0000	0.0572	0.8990	-1.5358	3.0000
1.3321	2.3647	-0.0810	0.0000	0.0572	-0.0437	-0.5152	3.0000
0.7629	2.6481	-0.0810	0.0000	-0.8720	-0.1335	-0.8554	3.0000
0.7629	2.4356	-0.0810	0.0000	-0.7791	-0.4927	-1.5844	3.0000
0.7629	1.5853	-0.0810	0.0000	1.0794	-0.4478	-0.6124	3.0000
1.1769	2.6481	-0.0810	0.0000	-0.7791	0.1807	-0.9526	3.0000
1.0216	2.0813	-0.0810	0.0000	-0.5003	-0.2682	-0.4666	3.0000
0.8146	2.5064	-0.0810	0.0000	-1.0579	-0.2233	-0.5638	3.0000
1.3321	-0.1152	-0.0810	0.0000	0.1501	0.3154	-0.4666	3.0000
1.3839	2.5064	-0.0810	0.0000	-1.2437	0.0910	-0.9040	3.0000
0.7629	1.1602	-0.0810	0.0000	-0.8720	-0.2682	-0.8068	3.0000
1.0734	1.3019	-0.0810	0.0000	-1.7084	-0.4927	-1.3414	3.0000
1.1251	1.5853	-0.0810	0.0000	-0.5933	1.5276	1.6234	3.0000
1.0734	2.2230	-0.0810	0.0000	-0.2216	0.3154	-1.2442	3.0000
0.8146	1.2311	-0.0810	0.0000	-0.6862	-0.4927	-1.5358	3.0000
0.7629	2.2230	-0.0810	0.0000	-0.2216	-0.8518	-1.0984	3.0000
0.9181	1.5853	-0.0810	0.0000	-0.6862	0.0012	-0.8068	3.0000
1.0734	0.7351	-0.0810	0.0000	-0.2216	-0.2682	0.0195	3.0000
1.0216	1.3019	-0.0810	0.0000	0.0572	-0.4478	-0.8554	3.0000
0.8146	2.0813	-0.0810	0.0000	0.1501	-0.6273	-0.6610	3.0000
0.7111	2.0813	-0.0810	0.0000	-0.1286	-0.0437	0.1167	3.0000
1.4356	1.7270	-0.0810	0.0000	-0.4074	-0.4927	-0.6124	3.0000
0.8146	2.2939	-0.0810	0.0000	-1.0579	-0.4927	-0.3694	3.0000
-0.9965	-0.6820	-0.0810	0.0000	0.3360	-0.4478	-0.1749	3.0000
0.7111	2.4356	-0.0810	0.0000	-0.2216	-0.6273	-0.5638	3.0000
0.4007	0.3808	-0.0810	0.0000	-0.5003	-0.5824	-1.0498	3.0000
1.0734	1.2311	-0.0810	0.0000	-0.6862	0.0012	-1.2928	3.0000
1.0734	1.1602	-0.0810	0.0000	1.3582	-0.0886	-0.5152	3.0000
-0.2721	0.7351	-0.0810	0.0000	0.3360	-0.0437	0.2139	3.0000
1.3321	0.5225	-0.0810	0.0000	-0.1286	0.8093	-1.0498	3.0000
1.1769	0.5934	-0.0810	0.0000	-0.0357	-0.6722	-0.9526	3.0000
0.6594	0.8059	-0.0810	0.0000	-0.4074	-0.4927	-0.6610	3.0000
0.5559	0.8768	-0.0810	0.0000	-0.5933	-0.3580	-0.7096	3.0000
1.3321	1.7979	-0.0810	0.0000	-1.6154	0.1359	0.0195	3.0000
-1.8032	-0.8378	-0.0916	0.0745	0.5862	-0.8000	-0.8084	0.0000
-0.4190	-1.2738	0.0442	0.0865	0.3677	-0.5824	-0.7194	0.0000
-1.0291	-1.1622	-0.0841	0.3556	-0.0720	-0.0900	-0.1070	0.0000
-1.2000	-1.7072	-0.2089	0.1527	2.3195	-0.8494	-0.8609	0.0000
-0.7878	-0.4891	-0.4396	-0.0984	1.4240	-1.1032	-0.4128	0.0000
-0.1438	-1.5230	-0.1287	-0.2742	-0.2027	-0.9465	-1.0823	0.0000
-0.3898	-1.1576	-0.2278	-0.2390	-1.4189	-0.3329	0.1280	0.0000
-0.9680	-0.4412	-0.2401	-0.1383	-0.4076	-0.0342	-0.1537	0.0000
0.3497	0.2930	-0.2804	0.0017	-0.9385	-0.8582	-1.1708	0.0000
-0.5488	-1.1901	-0.0802	0.2385	0.4998	-0.6080	-0.3034	0.0000
-1.0097	-0.2843	0.1930	0.3878	-0.5567	-0.9630	-0.7186	0.0000
-1.5699	-0.7847	-0.4331	-0.3407	0.5614	0.4776	0.5674	0.0000
-0.2561	0.5302	0.1577	-0.1814	-1.6647	-1.4864	-1.1340	0.0000
-0.5086	-1.3549	0.1270	0.2086	-1.1756	-0.1659	0.3373	0.0000
-0.7273	-1.3279	0.2052	-0.1238	2.2357	-1.0987	-0.9458	0.0000
-0.4517	-0.0818	0.3033	0.2274	-0.9908	-0.9955	-2.7234	0.0000
-0.9162	0.1839	-0.1365	0.1939	-0.6335	-1.4423	-0.6220	0.0000
-1.2321	-0.8377	0.2992	-0.1906	-0.3744	-0.0893	-0.0993	0.0000
0.1604	-1.0367	0.0771	0.3273	0.6991	-1.2911	-0.9168	0.0000
-0.5156	-0.5285	-0.1220	0.2261	-1.1598	-0.7747	-0.7801	0.0000
0.0933	-0.7747	0.3011	-0.1072	-0.6587	0.1044	0.0841	0.0000
-0.5421	-0.3991	0.0359	0.2460	-1.3543	-1.5508	-2.8233	0.0000
-1.0926	-0.9230	-0.2709	-0.1103	0.0807	0.2895	0.5070	0.0000
-1.1507	-0.8685	0.3130	-0.3455	-0.2764	-0.8285	-0.6417	0.0000
-0.8133	0.1105	0.1137	-0.1989	-0.7711	-1.1874	-1.4433	0.0000
-0.5208	-0.8616	0.0882	-0.0349	-1.2450	-0.1758	0.1508	0.0000
-0.8775	-0.7349	-0.1699	-0.3039	-0.8178	-0.7923	-0.4912	0.0000
-1.1303	-0.0811	-0.4184	-0.2860	-1.9143	-1.0373	-0.7646	0.0000
-1.7823	-0.2221	-0.1812	-0.2389	-0.0610	-0.3405	0.3894	0.0000
-1.0330	-1.0119	-0.3287	0.3323	1.1778	-2.0070	-1.3620	0.0000
-0.8961	-1.9182	-0.0272	-0.0607	0.2087	-1.3664	-0.9730	0.0000
0.1676	-1.0698	-0.4212	0.0983	0.4136	0.1540	0.2223	0.0000
-0.4367	-1.0872	-0.2565	-0.0816	-0.8033	0.0357	0.5113	0.0000
-1.3621	-1.2609	-0.3231	-0.1059	-0.6778	-1.9716	-1.4011	0.0000
-1.3105	-1.5943	0.0765	-0.2268	-0.5772	-1.8747	-1.5795	0.0000
-0.9276	0.9952	-0.1345	0.2217	-1.0166	0.3359	0.0415	0.0000
0.1187	0.2738	0.1264	-0.2067	0.1186	-0.1890	-0.2677	0.0000
-1.2747	-0.8973	0.2605	-0.1743	-0.3562	-1.2889	-0.6831	0.0000
-0.8359	0.4400	-0.4685	-0.1772	-1.0629	-0.1542	0.0455	0.0000
0.4292	-0.4324	0.0788	-0.3404	-0.7259	-0.7751	-0.9043	0.0000
-1.5127	0.0915	-0.2967	-0.3437	-0.7269	-1.1250	-0.8598	0.0000
-0.0405	-0.6438	-0.2390	0.3301	-0.8718	-1.2516	-2.2220	0.0000
-0.6376	0.2242	0.2838	-0.0157	-0.2140	-0.8150	0.0051	0.0000
-1.2855	-1.4811	0.2327	0.2594	-0.1756	0.0196	-0.1887	0.0000
-0.3814	-1.0420	-0.4501	0.3909	-1.7582	-0.1284	-0.3666	0.0000
-0.5305	0.0331	-0.4210	-0.0049	-0.9151	-0.7825	-0.2645	0.0000
-0.5076	-0.1344	0.0408	-0.0689	0.0876	-0.7167	-0.5820	0.0000
-1.6126	0.4397	-0.0510	0.2817	-0.0457	-0.3412	-0.6131	0.0000
-0.8988	-1.9696	0.2216	0.3715	0.7372	-1.4344	-1.5839	0.0000
-0.4680	-0.9490	-0.3186	0.0635	-0.7109	-0.2488	0.4551	0.0000
-0.7707	-1.3384	-0.3682	-0.0736	-0.3546	-0.9933	-0.2859	0.0000
-0.5812	0.4454	-0.4378	0.0730	-0.1638	-1.2805	-0.5665	0.0000
-0.5089	-0.8371	-0.4449	-0.0127	0.2805	-0.0057	0.4217	0.0000
-1.9738	0.1082	0.3036	0.1070	0.3457	-0.1960	-0.0707	0.0000
-0.5715	-0.1898	-0.1748	0.0097	-1.3555	-0.7898	-0.7591	0.0000
-0.2234	-0.6528	0.1478	-0.3962	-1.3212	-1.0277	-2.7747	0.0000
-0.6868	-1.7695	-0.4189	-0.2415	0.9194	-1.0704	-0.7231	0.0000
-1.1317	-1.4578	0.2465	-0.1221	-0.6028	-1.5376	-0.7621	0.0000
-0.1434	-0.5972	-0.0140	-0.1738	-0.1776	-0.7196	-0.2616	0.0000
-0.2270	-0.5770	-0.0365	0.1946	0.3870	-0.6598	-0.3725	0.0000
-1.2201	-0.0887	0.1462	-0.2496	-0.1563	-1.0393	-0.7810	0.0000
-0.1742	-1.0494	-0.2813	-0.0573	-1.1605	-0.7961	-0.7730	0.0000
-0.1686	-0.8004	-0.4250	-0.2285	-1.5673	-0.1998	-0.3037	0.0000
-1.6862	-1.1705	-0.0705	0.2180	0.6790	-1.1665	-1.1302	0.0000
-0.5921	-1.5993	-0.1524	0.1140	0.6906	-0.9696	-0.4587	0.0000
-0.6860	0.4089	-0.2515	0.1984	-0.7137	-1.1763	-0.7820	0.0000
-0.4365	-0.9031	-0.0898	-0.0647	0.5182	-1.4591	-0.6823	0.0000
-0.4106	0.1930	0.1323	0.0309	0.3773	-0.4130	0.1150	0.0000
-0.6549	-1.0093	-0.0569	-0.0902	0.1337	-0.9611	-0.2384	0.0000
-1.4029	-0.4205	-0.2010	0.2222	-0.4036	-1.1887	-0.7070	0.0000
-1.4939	-0.7981	0.2268	0.0059	-1.7931	-1.4859	-1.1486	0.0000
-1.6175	0.6817	-0.3619	0.2619	-0.8489	-0.0299	0.0675	0.0000
-0.6485	-1.5218	-0.3486	-0.1218	0.0969	-0.8513	-0.7418	0.0000
-0.0293	-1.3778	-0.4088	0.2453	0.1211	-1.1807	-0.5601	0.0000
0.7639	-0.9598	0.2410	-0.0824	-0.1476	-0.9244	-0.1911	0.0000
-0.4982	-0.7017	0.0394	-0.2831	0.7457	-0.0686	0.0950	0.0000
-0.5040	-1.3682	0.1988	-0.3897	-1.3532	-0.3215	-0.5906	0.0000
-1.1182	-0.0457	-0.3739	-0.3094	-0.0403	-0.7654	-0.3361	0.0000
-0.6117	-1.4092	-0.2336	0.2647	-1.1297	-0.0200	-0.1774	0.0000
-1.3373	-0.3600	-0.0259	0.2281	-1.0789	-0.9374	-1.1345	0.0000
-1.3611	-0.7849	-0.3908	-0.1345	-0.8537	-0.8340	-0.8711	0.0000
-0.8299	-0.6362	-0.4344	0.0168	0.1565	-1.0447	-1.1031	0.0000
-0.4893	-1.6452	0.1107	0.3662	0.2237	-1.3955	-0.5964	0.0000
-0.6179	-1.1344	0.1428	-0.0043	0.5247	-0.1129	0.1385	0.0000
-0.0036	-0.2351	-0.2879	0.2133	0.8600	-0.8458	-0.2428	0.0000
-0.4351	-0.3248	-0.4681	-0.2950	-0.7033	-1.2151	-0.7145	0.0000
-0.2643	-0.2684	-0.3734	0.2240	1.5273	-1.2654	-1.0607	0.0000
0.8741	-0.3446	-0.4752	0.2373	-0.1423	-0.8361	-0.3629	0.0000
0.3245	-0.3903	-0.2508	-0.3453	-2.6620	-0.6695	-0.3747	0.0000
-1.5735	0.2778	-0.2126	-0.3571	0.0186	-1.1428	-0.6845	0.0000
-0.1170	-1.2552	-0.2511	-0.3420	0.9495	-1.3028	-1.1943	0.0000
-0.7914	-1.4122	-0.2944	0.0357	1.9921	-1.3229	-0.7393	0.0000
-0.3645	-0.3444	-0.2031	0.0849	0.4348	-1.0401	-1.3492	0.0000
-0.6359	0.4122	0.1013	0.3059	-0.6390	-0.5827	-0.3518	0.0000
-1.2318	-0.8027	-0.1450	-0.0665	-1.2217	-0.6481	-0.6873	0.0000
0.9827	-0.2552	-0.2318	0.3862	1.3711	-0.7678	-0.3728	0.0000
-0.2530	-0.6470	-0.0948	0.1752	-1.3621	-1.3327	-1.3865	0.0000
-0.0610	-0.4276	-0.3554	-0.0885	0.8905	-1.7184	-0.8976	0.0000
-1.4331	-1.2666	0.1384	-0.0331	-1.9160	-1.1253	-1.3201	0.0000
-0.7608	-0.9723	-0.2860	0.1776	0.2169	-1.4055	-1.5355	0.0000
-0.8304	-0.7851	0.2944	-0.2840	-0.1045	-0.3069	0.2740	0.0000
-0.4157	0.4461	0.0821	-0.0571	-0.2405	-1.1620	-0.7509	0.0000
-1.4456	-0.8074	-0.4525	-0.3118	-0.2072	-0.2343	-0.0463	0.0000
-0.8886	-0.7541	-0.2215	-0.2613	0.2671	-0.1784	-0.0850	0.0000
-1.4450	-1.0012	0.2319	-0.0377	-0.8252	-0.9823	-0.8044	0.0000
-0.9292	0.6169	0.2738	-0.3535	0.9178	-0.6609	-0.7282	0.0000
0.0462	-0.6615	0.1887	0.0017	0.3417	-0.7613	-0.5512	0.0000
0.3005	0.0097	0.1095	0.3343	-0.0113	-0.5489	-0.5352	0.0000
-0.0486	-0.2218	-0.3060	-0.0556	-1.7753	-1.4965	-0.7694	0.0000
-1.2103	-0.1749	-0.1020	-0.2663	-0.7204	-1.8252	-1.2548	0.0000
-0.6839	-0.7078	-0.1941	0.2156	0.5867	-1.4856	-1.0671	0.0000
-1.5556	-0.9531	-0.2944	-0.1177	-0.3128	-0.6349	-0.0975	0.0000
-1.4696	-0.2202	0.0392	-0.0389	0.0344	-0.7420	-0.8051	0.0000
-1.1595	-0.5873	0.2262	0.1805	-0.7353	-0.5309	-0.4039	0.0000
-0.7507	-0.7096	0.0829	0.3411	0.2836	-1.0945	-0.9318	0.0000
-1.2238	0.2816	0.0201	-0.2442	-1.3184	0.2098	0.1960	0.0000
-1.2574	-0.9930	0.1178	0.1302	0.1528	0.0305	0.2181	0.0000
-1.5620	-0.6625	-0.0947	0.2931	-0.6422	-0.6329	-0.8026	0.0000
-1.3010	0.1459	0.2284	-0.3774	-0.8873	-1.1703	-0.8106	0.0000
-0.1174	-0.5966	-0.2980	-0.2282	-1.0905	-0.8581	-0.3278	0.0000
-0.5410	-0.5822	-0.4657	0.3384	0.9651	0.5877	0.7317	0.0000
-1.3727	-1.0956	0.2374	0.1678	0.5285	-0.8394	-0.6318	0.0000
-1.5027	-0.7342	-0.2266	-0.3586	-1.4177	-0.4840	0.1178	0.0000
0.3533	-0.6385	-0.1932	0.2481	-0.5876	-1.1594	-0.9575	0.0000
-1.0191	0.5300	-0.3055	-0.2058	0.1789	-0.7109	-0.7540	0.0000
-0.0957	-1.3397	-0.1319	0.3628	0.1270	-0.7669	-0.1109	0.0000
-1.2334	-2.3175	-0.0071	-0.2533	0.3321	-2.0841	-1.6237	0.0000
-1.5833	-0.0937	-0.1937	-0.0165	0.1553	-0.2579	0.2535	0.0000
-0.7917	-1.6053	-0.2986	0.1371	-0.1177	-1.2832	-0.3051	0.0000
-1.3075	-0.6037	-0.1551	0.0761	0.1944	0.1127	0.2786	0.0000
-1.4110	-0.0503	-0.2613	-0.0173	-0.5566	-0.9791	-0.3328	0.0000
-0.8815	-1.3629	0.2751	-0.2135	-0.2059	-1.2743	-0.9847	0.0000
-0.6944	-0.1422	0.2602	0.3353	-0.8078	-0.7497	-0.0413	0.0000
-1.0765	-0.1782	0.0518	0.2011	-1.1533	-1.0199	-0.6395	0.0000
-1.3070	-0.5992	0.2437	-0.3360	1.0792	-0.5997	-0.1825	0.0000
-1.2997	-0.6415	0.2109	0.1939	-0.6857	-1.2293	-0.4906	0.0000
-2.4868	-0.6020	-0.2537	-0.1971	-0.8346	-0.4644	0.5000	0.0000
0.0492	-1.1950	-0.0519	-0.2797	0.6934	-1.7994	-0.8871	0.0000
-1.0278	-0.3508	-0.4184	-0.3165	-0.7935	-0.4020	-0.4739	0.0000
-0.7133	-0.8385	0.0494	0.3510	0.2562	0.1008	-0.0381	0.0000
-0.0665	-0.7185	-0.0432	-0.3711	-0.6261	-1.4691	-1.8310	0.0000
-0.5081	-1.6302	-0.2006	-0.2728	-0.6262	-1.0030	-0.4200	0.0000
-0.4359	-0.3080	-0.3107	0.0398	0.0677	-0.9002	-0.4199	0.0000
-1.3633	-0.9260	-0.2748	0.1640	-0.3419	-0.4557	-0.4024	0.0000
-1.0774	-0.2174	-0.3961	-0.0318	0.7826	-1.5026	-1.1921	0.0000
-0.5542	0.2357	-0.0103	-0.3520	-0.4079	-0.4479	-0.1498	0.0000
-0.5421	-0.4043	0.1783	0.2589	-0.4161	-0.9776	-1.2503	0.0000
0.8125	-0.5883	0.0534	-0.2732	-1.3644	-0.6780	-0.0426	0.0000
-0.3354	-1.4958	0.0003	0.3816	-0.0847	-1.4312	-1.1072	0.0000
0.1403	-1.6693	0.2290	0.3026	-0.0130	-0.9993	-0.6589	0.0000
-0.5160	-0.3273	-0.4736	-0.1217	-2.0281	-0.6465	-0.8948	0.0000
-1.5076	-1.0565	-0.2683	-0.0188	-0.4344	-0.4084	-0.3949	0.0000
-0.0463	0.0824	0.2224	-0.3263	0.5034	-1.0108	-0.7358	0.0000
-0.5924	-1.0155	0.1682	-0.2080	0.9782	-1.7765	-1.3862	0.0000
-0.7526	-0.8003	0.0954	0.3954	-1.3255	-0.8424	-0.0874	0.0000
-1.2113	-0.7662	-0.1744	0.3883	-1.2304	-1.0285	-0.7472	0.0000
-0.4885	-0.6816	-0.2352	0.2940	0.3890	-1.4171	-0.7660	0.0000
-0.4240	-1.0678	-0.1642	-0.2866	0.8267	-1.0182	-1.0184	0.0000
-0.4381	-0.2383	-0.0410	-0.0066	0.6097	0.2433	-0.0688	0.0000
-0.4769	-1.6959	-0.3602	-0.1901	-0.8831	-0.7116	-0.1300	0.0000
0.0678	-0.8207	-0.1331	0.0897	-0.3231	-0.2521	0.1844	0.0000
-0.2305	-1.1801	-0.1048	0.0461	0.8230	-0.2804	0.2046	0.0000
0.0271	-0.0250	0.2765	-0.3043	-1.4119	-0.8512	-0.1632	0.0000
1.0758	-0.9133	0.2539	-0.2862	-1.3840	-0.8781	-0.0414	0.0000
0.8906	0.8321	-0.4038	0.1970	-1.1855	-0.3082	-1.4405	0.0000
-0.1881	0.5365	-0.3775	-0.0571	-0.3869	-0.4856	-0.1706	0.0000
-0.3868	-1.2911	-0.2072	-0.0214	-1.0424	-0.5254	-0.0442	0.0000
-0.4961	-0.1168	0.0683	-0.0158	0.3716	-0.4619	-0.5725	0.0000
-1.3987	-0.7131	-0.2743	-0.1658	-0.9881	-0.6130	-0.5889	0.0000
-0.8209	-1.6787	-0.2722	0.2304	2.1020	-1.9411	-1.6522	0.0000
0.5433	-0.6785	-0.0332	0.1903	0.1068	-0.9380	-0.2842	0.0000
-0.5231	-1.2062	-0.3226	0.1599	0.5977	-0.5645	-0.6049	0.0000
-0.0708	-1.3704	-0.3684	0.3961	0.9159	-1.3048	-1.1539	0.0000
-0.6320	-1.0360	-0.4521	-0.1674	0.0649	-0.7812	-0.4013	0.0000
-0.5764	-2.0878	-0.1297	-0.3844	0.6057	-1.8538	-1.1770	0.0000
-1.2244	-0.1124	-0.2911	-0.3827	-1.6108	-1.2624	-0.9399	0.0000
-0.4282	-1.8289	-0.2046	0.2174	0.9032	-0.7663	-0.7554	0.0000
-0.5768	-0.9314	0.0731	-0.3539	1.1394	-1.3661	-1.5019	0.0000
-1.6276	-0.3858	-0.0051	0.0727	0.3168	-1.1249	-0.8509	0.0000
-0.0184	-0.7254	0.0436	0.2232	0.7251	-1.3937	-1.4116	0.0000
-1.5346	-1.1062	-0.3266	0.3957	-0.5096	-0.2377	-0.3609	0.0000
-0.8660	0.7191	0.1833	-0.1147	1.4959	-0.3944	-0.6417	0.0000
-0.7948	-0.6230	0.2208	0.0562	-0.7922	-1.1636	-0.9595	0.0000
-1.7703	-0.4744	0.0059	-0.3520	0.4639	-1.2638	-0.2290	0.0000
-1.1170	-1.8963	-0.4046	-0.1036	-1.2410	-1.0978	-0.2584	0.0000
-0.6566	-1.0820	0.1957	-0.2218	0.2371	-0.6321	-0.3785	0.0000
-0.3968	0.6943	-0.2674	0.2186	-0.2253	0.1356	0.4849	0.0000
-0.0875	-0.4068	-0.2972	-0.3631	-0.5966	-1.3499	-0.8305	0.0000
-1.0075	-1.0390	0.1094	-0.0448	0.6782	-0.4132	-0.2196	0.0000
1.0905	0.5774	0.2237	-0.0118	-1.2574	-0.4474	-1.4236	0.0000
-0.6464	-1.4624	-0.0788	0.3611	-0.9960	-0.4154	-0.1077	0.0000
-0.9945	0.4059	0.1318	-0.3722	-1.0628	-0.2026	0.5167	0.0000
-1.0077	-0.6700	0.1213	-0.2996	-0.8513	-0.8688	-0.2881	0.0000
-0.0683	-0.1567	-0.1523	-0.2804	-0.3921	-0.8490	-1.0438	0.0000
-1.3537	-1.2261	-0.1767	0.3547	-0.2045	-0.0395	-0.1887	0.0000
-0.5390	0.1461	0.0738	-0.0683	-0.2698	-0.6113	-0.0476	0.0000
0.3807	0.1454	0.1289	0.0605	-1.3058	-1.0144	-0.7306	0.0000
-0.7426	0.0364	0.1771	-0.3548	-0.2944	-0.6980	-0.9449	0.0000
-0.3536	-0.6935	0.0310	-0.0574	-0.5517	-0.5188	-0.4311	0.0000
0.0166	-1.0960	-0.4039	-0.0542	0.1529	-0.7038	-0.2870	0.0000
-1.0797	0.1378	-0.1211	-0.1515	0.0396	-1.1770	-1.1296	0.0000
-1.4330	-1.0678	-0.0476	-0.3918	-0.1391	-0.8838	-0.3893	0.0000
-0.3176	-1.3301	0.0387	-0.1460	0.5921	-0.7973	-0.7478	0.0000
0.4145	-0.0519	-0.0389	-0.2877	-0.1555	-1.2876	-0.8859	0.0000
-0.7818	-1.1878	-0.2111	-0.1644	-0.4918	-0.6031	-0.2829	0.0000
-1.2597	-0.7326	-0.2792	-0.0541	-0.5038	-1.4185	-0.8935	0.0000
0.0130	-0.3066	-0.3760	-0.3387	0.5871	-1.6429	-1.6004	0.0000
-0.4511	0.0133	0.0872	0.2790	-0.2534	-0.4644	-0.3678	0.0000
-0.6234	-1.5888	0.2891	0.3124	0.0008	-0.9679	-0.8196	0.0000
0.4504	0.4128	-0.2237	0.0560	-2.3065	-1.0291	-1.2260	0.0000
-1.5913	-1.1246	0.0405	-0.0061	-2.0050	-1.4908	-1.1274	0.0000
-0.5285	0.2260	-0.1750	0.3625	-0.5842	-0.7628	0.1734	0.0000
-1.9903	0.2471	-0.1440	0.3091	-0.0459	-0.5915	-0.3971	0.0000
-1.6256	-0.6191	0.1381	0.2444	-0.5019	-0.3267	0.1604	0.0000
-1.0632	-1.8851	-0.1529	-0.3646	-0.5189	-0.6469	-0.6292	0.0000
0.6812	0.4352	-0.4520	-0.0889	-1.3887	-0.3585	-1.3018	0.0000
-0.6162	-0.4061	0.2950	-0.0266	-0.8866	-1.3344	-1.1277	0.0000
0.9443	-0.7609	0.0832	-0.1850	-1.3679	-0.3834	-0.2537	0.0000
-1.6949	-1.2674	0.2393	-0.3810	-1.0598	-0.1112	0.0140	0.0000
-0.1930	-1.1213	-0.0827	-0.3775	0.8732	-1.0206	-0.9765	0.0000
-1.0478	-0.3516	0.0539	0.1279	-0.0522	-1.3658	-1.2592	0.0000
-1.0192	-2.0287	-0.0177	-0.0651	0.4889	-2.0004	-1.3718	0.0000
-0.5060	0.1002	0.0793	-0.0579	-1.8869	-0.9522	-0.6691	0.0000
-1.0381	-0.1488	0.1211	-0.2851	-1.9862	-0.6592	-0.4024	0.0000
-0.0951	-1.3583	0.1956	-0.0984	-0.0372	-0.1368	0.0164	0.0000
-0.8235	0.1344	-0.3279	-0.2822	0.2712	-0.3258	0.3456	0.0000
-1.2746	-0.6965	-0.4501	0.0123	-0.1617	-0.5771	0.0270	0.0000
-0.6302	-2.2082	-0.0868	-0.2178	0.9204	-1.3996	-1.1342	0.0000
0.3413	-0.2852	-0.3216	-0.2268	-0.0689	-0.9624	-1.1136	0.0000
-1.2824	-0.9660	-0.2532	-0.2754	-0.3940	-1.1177	-1.0126	0.0000
-1.3827	-0.9557	-0.3913	0.3565	-0.4655	-2.4274	-2.0370	0.0000
0.2877	-0.0772	0.1790	-0.2207	-0.2266	-0.7615	-0.1629	0.0000
-0.5347	-1.0453	0.2028	-0.2865	0.0351	-1.5898	-1.2010	0.0000
-0.1891	-0.1480	-0.3915	-0.3365	-0.7696	-1.3146	-1.1907	0.0000
-1.1667	-0.1918	-0.1989	-0.2373	-1.0137	-1.6441	-0.9351	0.0000
0.7699	1.5923	-0.0793	-0.0278	-0.4014	-0.4586	-1.0176	0.0000
-0.9277	-0.5690	0.1363	0.0060	-0.0033	-0.6136	-0.1083	0.0000
-0.8786	-0.3246	-0.2905	-0.2115	-1.0941	-1.0219	-1.1931	0.0000
0.5645	0.1872	0.1562	0.0838	0.6190	-0.2856	-0.9993	0.0000
-0.2545	0.3277	0.0107	-0.0563	0.8925	-1.6418	-0.8499	0.0000
-1.6655	-0.0946	-0.4765	0.1267	0.5185	-1.3915	-1.0517	0.0000
-0.5802	0.1782	-0.4541	0.1671	-0.6311	-1.0131	-0.6070	0.0000
0.6575	-0.0112	0.0455	0.2235	-1.4633	-0.8279	-0.2285	0.0000
-1.4152	-1.2104	0.0344	0.0486	0.8804	-1.5180	-0.6068	0.0000
-1.3010	-1.2538	0.2546	0.1149	-0.5357	-0.7384	-0.5942	0.0000
-1.6555	-0.0988	-0.3160	0.0562	-0.5532	-0.1868	0.2379	0.0000
-1.0909	-1.2691	-0.3330	-0.0890	-0.9995	-0.8436	0.1442	0.0000
-0.6155	-0.0512	-0.3695	-0.3452	-0.1271	-1.4156	-1.4468	0.0000
-1.1965	-0.2294	-0.2824	-0.1624	-0.2590	-1.6519	-1.3536	0.0000
-0.6668	0.2321	-0.1660	-0.3277	-0.7566	-0.0100	-0.4637	0.0000
0.1759	-0.6525	-0.1639	0.1296	-2.6559	-0.9261	-0.8933	0.0000
0.9099	-0.9224	-0.0879	0.2927	-1.5182	-0.3145	-0.3943	0.0000
-0.9577	-1.2973	0.0211	-0.0410	0.1364	0.1036	0.1634	0.0000
0.5570	-0.7904	-0.0923	0.3760	-0.0754	-0.5570	0.0498	0.0000
-0.7837	0.2728	-0.3579	-0.1370	-0.8408	0.0729	0.0049	0.0000
-0.8711	-0.1725	0.0737	0.2091	-1.1539	-1.2845	-1.0971	0.0000
-0.0178	0.1657	-0.2699	-0.1482	0.5847	-0.9078	-0.2978	0.0000
-0.4175	-1.4622	0.1229	-0.2796	0.3539	-1.2797	-0.6035	0.0000
-0.8830	-1.3244	0.1331	0.0214	-0.4631	-2.3346	-1.5372	0.0000
-1.5142	0.3558	-0.4062	-0.0108	0.3247	-0.6377	-0.1903	0.0000
-0.0879	-1.6665	0.2997	-0.1027	-0.3404	-1.1241	-0.7249	0.0000
-0.4619	-0.6464	0.0559	-0.3313	0.5625	-1.9362	-0.8343	0.0000
-1.1998	-0.6024	-0.0658	-0.0170	-1.1615	-0.8350	-0.0787	0.0000
-1.4418	-0.2939	-0.1566	0.3760	-0.2560	-1.1525	-0.4422	0.0000
-0.5840	-0.6829	-0.0632	0.1686	-1.1024	-1.0938	-0.6433	0.0000
-0.8958	0.1959	-0.2161	-0.0256	-0.6795	-1.2414	-1.3058	0.0000
-0.4441	-1.2004	0.2250	0.2753	0.2766	-1.0172	-0.0848	0.0000
-0.7810	-1.5903	-0.2620	0.3597	-0.6736	-0.5628	-0.4991	0.0000
-0.6222	-1.8098	0.1189	0.1782	2.2728	-2.3877	-2.0022	0.0000
-0.9278	0.5635	-0.2198	0.0456	-0.7911	-0.4114	-0.5558	0.0000
-0.7044	0.4391	-0.0833	0.3180	-0.0795	-0.3669	-0.3165	0.0000
-0.3717	-0.1494	-0.0895	-0.2263	-0.5229	-0.1216	-1.1391	0.0000
-2.0758	-1.3067	0.2285	0.0073	-0.7168	-1.2242	-0.2361	0.0000
-0.0419	0.9587	-0.0102	0.1887	-1.1606	-1.4906	-0.7472	0.0000
-1.1858	-1.0038	0.2914	-0.3360	-0.5507	-1.2392	-0.6728	0.0000
-1.3135	-1.3472	0.1061	0.1658	-0.6363	-1.1335	-0.2093	0.0000
-1.0812	-0.2345	0.2394	-0.2218	0.7626	-0.8102	-0.4304	0.0000
-1.0165	-1.3731	-0.1016	0.1222	-1.0304	-0.2784	-0.3078	0.0000
-1.1375	0.9166	-0.1338	0.0413	-1.1842	-0.1891	0.5968	0.0000
0.5161	0.8368	-0.0318	-0.3477	-1.3507	-0.6328	-1.1278	0.0000
-1.2254	-0.9693	-0.2085	-0.0071	0.5830	-0.9987	-1.1475	0.0000
-0.5238	-1.1202	-0.4339	-0.0369	-0.3754	-0.6051	-0.3819	0.0000
-0.6535	0.2683	-0.2508	-0.3902	-0.3003	-0.5934	-0.6199	0.0000
0.1230	-1.1402	-0.2948	-0.2076	-1.0317	-0.7359	-0.7107	0.0000
-0.8870	-0.3756	-0.4444	-0.3871	-1.0639	-0.9419	-0.7059	0.0000
0.0723	0.3547	0.1470	-0.3881	0.8169	-1.4320	-1.1003	0.0000
-0.3217	-0.1070	0.0805	0.0495	0.3523	-0.3971	0.0871	0.0000
-0.0056	0.7701	0.3016	-0.0428	-0.9632	-0.0324	0.0982	0.0000
-0.2946	-0.6868	-0.1931	-0.0595	0.1615	-0.8263	-0.7801	0.0000
-1.0412	-0.7249	-0.1496	-0.0956	0.1935	-0.2606	-0.2676	0.0000
-0.8712	-0.3014	0.2794	0.2459	0.7208	-1.1194	-0.7331	0.0000
0.3692	-0.5313	0.0626	0.0721	-1.4012	-0.2629	-0.1184	0.0000
-1.4020	0.3994	0.1379	-0.1068	-1.0955	-0.0266	-0.0212	0.0000
0.1013	-0.0614	-0.1816	0.0163	0.2381	-1.3121	-1.0875	0.0000
-0.8314	-0.6733	-0.4611	-0.2947	-0.2217	-1.0195	-0.7189	0.0000
-1.4040	-0.9062	-0.3912	-0.1647	-0.0318	-0.8725	-0.5226	0.0000
0.1889	0.2075	-0.3587	0.3513	-1.9804	-0.4254	-0.6106	0.0000
-1.1664	0.7432	-0.2681	0.3380	-0.7056	-0.0947	0.2007	0.0000
0.0545	-0.0265	0.1114	0.2273	-0.3373	0.1183	0.0087	0.0000
0.1682	-0.3162	-0.2683	-0.3716	0.0008	-1.4104	-0.9204	0.0000
-0.6676	0.0305	-0.0365	-0.1003	0.2364	-0.9715	-0.4333	0.0000
-1.3296	-1.0118	-0.1310	-0.1312	0.0408	-0.9389	-0.4868	0.0000
-0.6904	-1.6847	-0.4008	-0.1591	-0.3622	-1.0909	-0.4006	0.0000
-1.2859	-0.1694	0.0229	0.0696	-0.8205	-0.0039	0.0758	0.0000
-0.0388	-0.7492	-0.2440	-0.1649	-0.7781	-0.7469	-0.2906	0.0000
-0.4810	-0.8936	-0.2678	-0.1791	-1.1875	-0.3447	-0.4158	0.0000
-0.8744	-1.0060	-0.3259	0.3553	0.2001	-1.0970	-0.6246	0.0000
-0.8501	-0.4577	-0.0040	0.2167	0.1126	-1.1285	-0.7714	0.0000
-1.1803	-1.7774	-0.3688	-0.3690	2.2433	-1.7090	-1.5817	0.0000
-1.0806	-0.0830	0.0303	0.2694	0.4204	-0.4745	-0.8380	0.0000
-1.0101	-0.9977	0.0544	0.2252	-1.2398	-0.6409	-0.3966	0.0000
0.5906	-1.0286	-0.3773	-0.1659	-1.4822	-0.7772	-0.4405	0.0000
-1.6131	-0.8994	-0.1152	-0.3541	0.0716	-0.7987	-0.4107	0.0000
-0.9675	0.0434	-0.1043	-0.0445	-1.0691	-0.3260	-0.0160	0.0000
-1.2064	-1.2655	-0.3294	-0.1387	-0.3645	-0.9583	-0.9853	0.0000
-1.4493	-0.0267	-0.1616	0.3018	-1.0248	-1.3453	-0.3015	0.0000
-0.5727	0.1210	-0.3242	0.0077	-0.9691	-0.5214	-0.1690	0.0000
0.5561	0.5145	-0.1186	0.0742	-0.7632	-0.3272	0.2954	0.0000
-1.1142	-0.8220	0.3116	-0.3042	0.0311	-0.6248	0.2430	0.0000
-0.9700	-0.6689	-0.0773	0.0907	0.1129	-0.5470	0.0591	0.0000
0.2618	0.0560	-0.0317	0.3572	-2.0889	-0.4481	-0.2191	0.0000
-0.9137	-0.9543	-0.0200	0.2353	0.1418	-0.0890	-0.0973	0.0000
0.3290	-0.1709	-0.4119	0.2022	1.5331	1.1589	1.6855	1.0000
-0.0117	0.4931	0.3590	-0.3574	0.5524	1.8672	0.9863	1.0000
-0.2521	-0.0057	-0.3255	-0.5232	0.2064	1.2009	1.8881	1.0000
-1.3630	0.8110	-0.5526	-0.0366	-0.0161	0.0372	-1.3577	1.0000
-0.8763	0.2978	-0.3992	0.0105	0.9479	1.7574	1.5141	1.0000
0.6163	-1.1940	-0.4824	-0.1424	0.9920	0.9944	0.2971	1.0000
-0.9498	0.5424	-0.7227	0.0010	1.8884	1.5975	1.4280	1.0000
0.6662	-1.0043	-0.1304	0.4679	0.9835	2.1526	1.9084	1.0000
-1.1935	0.5630	-0.5186	-0.4288	1.3629	1.4454	1.9462	1.0000
-0.2650	-1.1645	0.5087	-0.0655	0.4245	0.8073	1.0544	1.0000
0.8952	-0.4065	-0.3881	0.5420	0.6629	1.6831	1.0253	1.0000
-2.2842	-0.1785	-0.0781	-0.6446	-0.6457	0.3823	-2.1119	1.0000
1.7548	-0.0270	0.1729	0.4850	0.8640	1.6112	1.2685	1.0000
0.9527	-0.1180	-0.4695	0.4878	1.2404	0.3479	1.3154	1.0000
0.8032	1.0619	0.1817	-0.0505	0.1432	0.6533	0.8253	1.0000
1.0370	-0.8624	-0.4555	-0.1631	0.2216	1.4657	1.3270	1.0000
0.7735	-0.2645	0.1419	-0.0017	0.7747	1.2331	1.2533	1.0000
0.9187	0.6059	-0.5606	-0.2437	0.5101	1.3051	1.1965	1.0000
-0.4945	1.1582	0.4419	-0.1877	-1.5816	1.6605	1.8039	1.0000
1.7298	-0.5545	-0.6459	0.5941	1.0356	1.2830	0.4648	1.0000
-1.8307	-0.4169	-0.0958	0.5295	1.1020	1.5192	0.9750	1.0000
-0.6028	0.0491	0.3348	0.5814	1.4023	2.1789	2.2576	1.0000
-0.5881	0.5583	-0.0069	-0.3412	0.5825	2.0904	1.8808	1.0000
0.1401	-0.4671	-0.4711	0.1569	0.0202	1.6152	1.5676	1.0000
-0.0614	0.6452	0.2839	0.2494	2.7045	0.3632	0.3034	1.0000
1.4048	-0.3140	-0.5003	-0.4344	0.9349	1.4010	2.2905	1.0000
0.1441	-0.9948	0.3292	-0.2701	1.3471	1.2259	1.2615	1.0000
-0.3055	-1.1261	0.0264	0.4223	1.1788	0.8015	1.0898	1.0000
-0.1449	0.0601	-0.7276	0.0821	-1.0136	1.3968	1.7433	1.0000
1.4193	0.5724	-0.4705	0.3300	1.2170	1.3187	0.4407	1.0000
0.7830	0.2818	-0.0751	-0.1534	0.3470	0.4330	1.4187	1.0000
0.0574	0.2424	-0.2857	0.4580	1.7285	0.9434	0.9573	1.0000
-0.2415	-0.9438	0.3779	0.1398	2.2199	-0.0127	0.9092	1.0000
0.4312	0.4261	-0.6752	-0.2804	0.4339	1.1228	1.4468	1.0000
-0.2371	-0.4710	-0.4767	0.2603	0.6409	1.0927	1.8252	1.0000
-0.4143	0.9207	-0.1407	0.0473	-0.9982	0.9200	1.7581	1.0000
0.8204	0.8879	-0.3360	-0.5657	0.2582	0.4121	0.6934	1.0000
-1.1656	-0.8049	0.0192	0.5719	0.7642	0.8322	1.5129	1.0000
1.4363	-0.1001	0.4394	0.2303	0.6039	1.6387	2.1544	1.0000
1.1245	1.0747	0.2165	0.6089	1.6972	1.1599	0.4999	1.0000
-0.9329	0.0887	0.1762	0.1555	0.1896	0.7546	0.8388	1.0000
-0.2549	0.0453	-0.1958	0.1357	0.5792	2.2797	1.7369	1.0000
0.2151	-0.4543	-0.1158	-0.3229	0.1576	0.9761	1.0583	1.0000
0.7402	-0.1093	0.5220	-0.1571	0.1098	1.2667	0.9851	1.0000
1.1109	0.7917	-0.6201	0.3947	1.0224	0.8343	0.8985	1.0000
0.9030	-0.7639	0.5630	0.1626	2.7163	0.2701	0.4459	1.0000
1.0057	2.2786	-0.3179	-0.5005	0.8984	1.0115	0.6654	1.0000
1.0666	-0.8125	0.4111	-0.1381	0.5571	2.2058	2.0111	1.0000
0.7019	0.8007	-0.3206	0.0459	1.1349	1.3464	0.8733	1.0000
-0.3311	-1.3607	-0.3335	0.0635	0.1482	1.1634	0.5822	1.0000
1.4530	-0.9766	0.1887	-0.4227	0.5343	0.6561	1.4538	1.0000
-0.4423	-0.0206	-0.1755	0.4549	0.6050	1.2394	1.7553	1.0000
-0.9614	1.5087	-0.3735	0.5453	0.7588	1.2566	1.3258	1.0000
1.3224	0.7129	0.2261	-0.5425	-0.0341	1.7446	1.1942	1.0000
2.3652	0.7651	-0.0939	-0.5418	0.2028	1.0982	1.6550	1.0000
-1.2855	-0.5615	0.1005	-0.6302	0.1869	1.2656	1.4246	1.0000
1.5890	-0.7792	0.4814	0.5040	-0.1746	2.0324	1.3414	1.0000
1.3426	0.4178	-0.5902	0.0607	1.3486	1.6103	0.8733	1.0000
-0.3642	-0.6512	0.1914	0.5649	2.2384	0.2886	1.3810	1.0000
-1.0676	0.1050	0.0598	-0.2715	0.6235	0.8305	1.3157	1.0000
-0.3286	0.0170	-0.3601	0.4848	1.4295	0.7300	1.5167	1.0000
-0.1312	-0.4010	0.0730	-0.2116	1.6272	1.5328	0.5479	1.0000
-0.5932	-0.9241	-0.1149	-0.6273	0.3392	1.2787	1.4677	1.0000
-2.2905	-0.4850	0.2829	0.4466	-0.6153	0.7247	-1.1420	1.0000
-1.5354	-0.5273	0.4167	-0.3077	0.2846	2.0551	2.6728	1.0000
1.2251	0.5267	-0.1894	-0.2171	1.3364	2.7807	1.7903	1.0000
1.3105	0.8461	0.2506	-0.1418	1.0858	1.1336	0.9627	1.0000
-0.3154	-0.0364	0.3640	-0.0865	2.1582	2.2666	2.1083	1.0000
0.2293	0.4291	0.4790	0.3684	0.6074	1.4779	1.5025	1.0000
0.3910	0.1781	0.2402	0.2257	0.6827	1.9270	0.9226	1.0000
-0.5836	0.0586	-0.5999	-0.2042	-0.8603	0.0983	-0.7152	1.0000
-0.9075	0.4945	0.4891	0.1851	0.7294	2.2280	1.6406	1.0000
-1.0573	-0.2861	-0.6797	-0.0081	1.8611	1.3567	1.2923	1.0000
1.3027	-0.7002	0.1468	0.2432	-4.2746	1.1553	-0.9784	1.0000
0.7182	1.7235	-0.3100	0.6255	2.2561	1.3031	1.2122	1.0000
1.7018	0.2039	0.0847	-0.5356	-0.1958	1.0043	0.7028	1.0000
-0.7915	-0.6379	-0.0524	0.5755	0.5045	1.9954	2.5383	1.0000
-0.3243	-1.3657	-0.6171	0.3584	1.8484	1.1826	0.5875	1.0000
2.4275	-0.7199	-0.2017	-0.1924	0.0786	0.5965	0.5695	1.0000
-1.3292	-0.7178	0.5499	-0.0289	1.5301	1.9104	2.5717	1.0000
0.0576	0.2178	0.0612	-0.2862	0.7560	1.4760	1.8828	1.0000
-1.1807	-0.0730	0.0587	0.1805	-0.8862	1.0994	-0.6948	1.0000
-0.4613	-0.2021	-0.4735	-0.6383	1.1675	1.2184	1.1403	1.0000
-0.2800	-1.0287	0.2471	0.3368	0.2021	1.2896	2.2575	1.0000
2.2619	0.2010	-0.6913	-0.3106	-0.5577	0.3288	1.3706	1.0000
0.5942	0.2120	-0.3569	0.0703	2.5048	0.5037	0.4692	1.0000
-0.5696	-1.0382	0.4698	-0.4721	1.5226	0.9784	0.9526	1.0000
-0.2656	1.1077	0.3507	-0.3976	2.0853	0.1099	1.2440	1.0000
0.5904	2.0390	-0.6540	-0.1623	1.3098	0.8781	0.6562	1.0000
-0.2619	-0.6328	-0.1635	0.3013	0.9264	1.5873	0.6772	1.0000
1.4021	-0.7705	0.1891	-0.2144	0.0355	1.5584	2.5629	1.0000
-0.2598	-0.5357	-0.4010	-0.3336	0.7658	1.8957	1.5315	1.0000
0.5848	-0.8677	-0.2909	-0.1786	0.8142	2.1208	1.1974	1.0000
-0.7758	1.2588	-0.1888	0.1793	0.1667	1.4345	0.9941	1.0000
0.6084	-0.9152	0.4602	0.5927	0.2630	1.9040	1.8605	1.0000
0.0965	-0.6476	-0.6609	-0.0364	0.2398	1.1592	1.7459	1.0000
-0.9322	-0.1964	-0.1271	0.3160	0.9180	1.0130	1.0832	1.0000
-0.3566	0.7867	-0.3609	0.5816	0.3518	1.6072	0.9161	1.0000
-1.2161	0.3716	0.0936	0.6156	-0.1244	0.2174	-1.1301	1.0000
2.0036	-0.7917	-0.4430	-0.4094	0.0791	0.8484	1.3696	1.0000
-1.6267	-0.3043	0.0828	0.0836	-0.1953	0.8954	-1.6736	1.0000
-0.2555	0.1341	-0.4214	-0.1196	0.7509	0.9739	1.4256	1.0000
0.1874	0.4723	-0.2087	0.2692	0.9645	1.1914	1.2038	1.0000
-0.6284	-0.0500	-0.6956	-0.5994	-1.7755	1.7540	1.8938	1.0000
-0.8972	-0.0456	-0.0883	-0.4783	-0.7234	1.1627	1.0178	1.0000
-0.3681	1.0581	0.0215	-0.4124	-1.8346	1.3004	1.9421	1.0000
1.3366	0.3438	-0.1886	-0.5295	-0.2992	1.0919	1.1874	1.0000
-0.0997	0.1359	-0.5303	0.0737	1.0222	0.4258	0.8424	1.0000
-0.0114	0.7832	0.4404	0.4646	-1.8917	1.6774	2.3458	1.0000
-1.0297	0.4996	0.5621	-0.3466	1.1816	0.7495	0.4804	1.0000
-0.5979	-1.0338	-0.4852	-0.0156	0.1604	1.1914	1.4726	1.0000
-0.4424	-1.0257	-0.0636	0.0826	0.7209	0.9266	1.3499	1.0000
0.3170	0.4937	-0.4557	0.4403	0.8140	1.1242	1.6679	1.0000
0.9661	-0.4309	-0.3735	0.3585	0.0022	0.2007	0.5477	1.0000
1.0193	0.3456	-0.4117	0.0999	-4.7367	1.4371	-1.2011	1.0000
-0.0205	-0.5265	-0.2318	0.3214	1.6983	1.0468	1.7102	1.0000
0.3808	0.1662	-0.2355	0.3427	0.1074	0.8317	1.7791	1.0000
-0.2356	-0.0645	-0.2558	0.0795	0.6756	0.9409	0.5722	1.0000
-2.5998	-0.4257	0.0610	0.3739	-0.6452	0.7861	-1.1892	1.0000
-1.0487	-0.3440	-0.4421	0.0207	-1.1863	0.8646	1.2471	1.0000
-1.4621	-0.4249	-0.1226	0.3053	0.4600	0.7436	0.9553	1.0000
-0.4493	-0.7899	0.4131	-0.0842	-0.3218	1.0685	-2.1487	1.0000
1.1876	0.9173	0.1682	0.0042	-0.1741	2.2291	2.3742	1.0000
-0.6233	-0.9051	0.4104	0.1722	0.8665	1.8837	1.4154	1.0000
1.1072	1.4734	-0.3010	-0.4632	0.3671	0.8516	0.4824	1.0000
-0.7135	-0.6013	0.0936	0.6100	1.5948	0.9321	0.9944	1.0000
-1.5179	0.7394	-0.0915	-0.5203	1.1273	1.1507	0.6077	1.0000
-2.5131	-0.1480	-0.0630	-0.2895	-1.4751	0.7268	-0.5341	1.0000
-0.5580	0.4240	0.4052	-0.5392	0.5019	1.2401	0.8761	1.0000
0.8311	0.7998	-0.0164	0.3235	1.3519	1.3014	0.6328	1.0000
0.7393	1.1064	-0.0809	-0.4986	0.0602	1.1953	1.5565	1.0000
0.6697	0.9629	-0.1719	0.3711	-1.6650	1.3416	1.5792	1.0000
0.4480	1.8414	-0.5345	0.1209	-0.2186	2.1748	1.8026	1.0000
-2.5979	0.5412	0.4526	-0.6371	-1.0635	1.2817	-0.8689	1.0000
-0.4178	-0.8359	0.0269	0.6316	-0.0796	2.0365	2.2714	1.0000
0.4797	-0.4633	-0.5385	0.1835	-0.1388	1.3334	2.4083	1.0000
1.0106	1.3618	0.0629	0.3609	-0.0219	1.1362	1.4999	1.0000
0.4734	-0.9596	0.5360	-0.2568	1.9860	0.8567	0.3800	1.0000
-0.7513	0.7672	0.1617	0.3129	-0.8501	0.0334	0.6809	1.0000
-0.8707	0.6716	-0.6423	0.3151	1.1276	1.1109	1.0486	1.0000
-0.7510	0.2067	-0.0677	-0.2855	-0.8951	-0.2520	0.5284	1.0000
1.1547	-0.1593	-0.5980	0.0049	2.5436	1.3214	1.0757	1.0000
1.7685	-0.6184	0.3841	-0.2382	0.6857	1.3014	2.2139	1.0000
-0.9482	0.4933	-0.3623	-0.3733	0.5058	1.5498	1.9346	1.0000
0.5470	1.2026	-0.2404	0.6206	2.3428	0.7577	0.4471	1.0000
0.1306	0.0285	-0.6451	0.3676	-0.3731	1.2067	1.5494	1.0000
0.5769	-0.7083	0.1578	0.1305	0.8667	1.7802	1.1623	1.0000
0.2902	0.1443	-0.1429	0.5989	0.2427	1.7451	2.1237	1.0000
0.6886	-0.1065	0.1541	0.4871	1.1851	1.1479	1.9719	1.0000
-2.4982	1.9369	0.1830	-0.5255	2.8355	0.6053	0.6416	1.0000
-1.4201	0.5259	0.3798	0.0818	-0.9808	0.7497	-1.4859	1.0000
0.1971	0.9066	0.4792	-0.1702	1.8755	1.3726	1.7941	1.0000
-0.8029	0.3480	-0.6711	-0.4372	2.2552	1.1660	1.3470	1.0000
-1.1452	0.7716	-0.1250	-0.5007	-1.8005	1.4422	1.3800	1.0000
-1.0713	-0.4969	-0.1555	-0.4486	-0.3134	0.3020	0.4308	1.0000
-0.7577	0.5442	0.0770	0.6159	-0.9789	1.0973	-0.7593	1.0000
-0.6382	0.4342	0.4451	0.4709	-1.0267	0.6517	-0.3966	1.0000
0.7638	-0.0344	-0.3952	-0.1208	2.3777	0.4657	0.7814	1.0000
-0.0884	1.0227	0.3008	0.2022	0.2984	1.4840	1.4011	1.0000
1.0168	-0.3522	12.2615	-0.5867	0.0700	1.0519	1.5208	1.0000
-1.4707	-1.4471	0.1557	-0.4805	-0.0461	1.8572	1.5049	1.0000
-0.5015	0.2592	-0.5275	-0.5685	-0.8723	1.0666	-1.2947	1.0000
-0.1632	-0.2682	-0.6133	0.1219	0.9279	0.8116	2.1124	1.0000
-0.5503	-0.7371	0.2573	-0.0021	0.8115	1.1865	1.5422	1.0000
0.0798	-0.0131	-0.0914	-0.3711	-0.3882	-0.4993	0.2314	1.0000
0.7413	1.0638	0.2005	-0.3653	0.4896	1.2924	1.3149	1.0000
0.6252	-0.2713	-0.0929	-0.1668	1.4127	0.7354	1.0631	1.0000
1.1087	-0.3850	-0.4500	0.5823	1.1407	2.0895	1.4219	1.0000
-0.9089	-0.4692	0.5478	0.6135	0.1172	0.9845	1.5645	1.0000
-0.7617	-1.2549	0.2413	0.5145	-0.4530	1.2250	1.0867	1.0000
-0.9658	-1.2982	-0.0839	0.5730	0.0052	1.0115	0.2287	1.0000
-0.4896	0.3195	0.5187	-0.6171	-0.4157	1.9924	2.1590	1.0000
-1.7512	1.4176	-0.6998	-0.2959	2.3494	0.7584	0.3912	1.0000
0.4476	0.0345	0.3272	-0.3925	0.3320	1.2048	0.9252	2.0000
1.5362	-0.3256	-0.0014	-0.0815	2.0274	0.9109	1.3187	2.0000
1.7014	-0.0387	0.4728	-0.0450	1.0016	0.8994	0.9655	2.0000
1.6263	-1.4848	-0.0522	-0.1679	0.4708	0.5702	0.9845	2.0000
-0.4526	1.1054	12.7488	-0.1672	0.2335	1.0615	1.0055	2.0000
0.6720	-0.5887	0.4013	-0.4673	0.8353	1.6492	1.5671	2.0000
0.3027	0.6990	12.6732	0.5191	0.9732	0.5538	1.6072	2.0000
0.8873	0.4169	0.2539	0.0118	0.9954	1.1796	0.8245	2.0000
1.9050	0.8207	-0.2951	0.4218	0.2017	1.6082	0.6428	2.0000
0.2124	-1.5988	0.2709	0.0453	1.3554	0.9678	1.3924	2.0000
0.7154	-0.7652	0.2424	-0.2152	0.9345	0.2435	1.1125	2.0000
-0.1017	-0.9767	0.0274	-0.4858	-3.8722	-0.4044	-0.5019	2.0000
0.7309	-0.6588	0.1655	-0.2283	0.7965	0.4044	1.0383	2.0000
1.1941	-0.7955	-0.1724	-0.3460	1.0417	0.5361	1.3356	2.0000
2.3743	0.1688	-0.1184	0.5324	1.0046	0.7095	1.2761	2.0000
1.2457	-0.1458	0.4001	-0.1085	0.9750	1.1305	1.1492	2.0000
1.6626	2.0677	-0.2634	0.1205	-0.0430	0.9213	0.8479	2.0000
0.9587	-0.4741	0.1491	0.1957	1.9960	1.1273	1.7940	2.0000
1.2260	-0.4709	-0.2414	-0.2307	1.0880	0.8816	0.6213	2.0000
1.8125	-2.0005	0.1755	0.3221	1.1016	1.4921	1.3564	2.0000
1.2628	-0.7314	-0.1951	-0.3193	0.7829	1.0054	1.2870	2.0000
2.0546	-0.2909	-0.5486	-0.2235	1.3562	1.3722	1.8807	2.0000
-0.0177	0.1705	-0.5503	0.1904	0.9453	1.0392	0.8992	2.0000
2.1148	-0.4040	-0.0950	0.2547	0.4723	0.7648	1.1871	2.0000
1.3057	-0.2820	0.0540	-0.2780	0.4114	0.8224	1.9096	2.0000
1.3659	-0.8837	-0.5321	-0.1475	0.5706	1.5624	1.7902	2.0000
1.3726	-0.7651	0.3755	0.1904	1.1253	0.9711	1.3336	2.0000
1.4210	-0.0442	0.0543	-0.5618	1.7412	1.7188	0.9632	2.0000
-0.4596	-0.7112	0.2594	-0.5023	1.4801	1.4460	1.2136	2.0000
0.3192	-0.7386	0.2234	-0.0080	-0.4960	0.9260	0.6779	2.0000
1.3047	-0.0793	-0.5367	-0.4584	-0.3958	0.7464	0.3888	2.0000
1.5099	-0.8619	0.1323	-0.0854	-0.4951	1.4207	1.1670	2.0000
0.7753	-0.6183	-0.2321	0.3593	0.1202	0.6636	1.1042	2.0000
2.2862	-0.1844	-0.5142	0.2034	1.3919	1.9740	2.3791	2.0000
0.3672	-1.8263	0.2679	-0.1754	0.9250	1.6579	1.1252	2.0000
0.8526	-0.3940	0.0133	-0.2109	-0.1392	1.3979	1.6939	2.0000
1.7468	1.7542	0.1028	0.2980	0.3347	1.0322	1.0062	2.0000
1.5891	-0.9644	0.3329	-0.2532	1.7805	1.4124	1.6772	2.0000
1.2254	0.2415	-0.2838	-0.0439	0.3649	0.9332	0.5803	2.0000
1.3623	0.0256	-0.4872	-0.1467	1.1122	2.1022	1.8155	2.0000
2.0558	0.5063	-0.2589	0.3285	1.9452	2.0250	1.4426	2.0000
1.7327	-0.2446	0.4229	0.5255	-0.0558	0.8663	1.1527	2.0000
0.7863	0.3075	-0.0810	0.5513	1.8781	0.6820	0.8633	2.0000
1.3237	-0.8674	-0.1862	0.0656	0.9061	1.0017	0.7682	2.0000
1.6607	-0.7571	-0.5308	-0.1660	0.3148	1.9443	0.8795	2.0000
1.8654	0.2048	-0.5336	0.1825	1.0404	1.1691	1.5512	2.0000
1.0511	-0.0146	-0.4065	0.0116	-0.0742	0.8864	1.6469	2.0000
1.0954	0.5276	0.1353	-0.2103	0.5403	0.4762	0.9719	2.0000
0.8164	0.0770	-0.1125	0.3175	1.2722	1.5218	1.2437	2.0000
1.4949	-0.4750	0.4227	-0.0912	0.7212	1.4443	1.0842	2.0000
1.7756	-0.4222	0.4123	-0.1674	-0.7723	0.7534	1.3100	2.0000
1.0275	-0.0691	0.4664	0.5237	1.1260	1.1586	1.8141	2.0000
1.7993	-0.3293	0.3121	0.3863	0.5184	0.5426	0.2494	2.0000
1.8984	-1.1554	0.3034	-0.1704	-0.7813	1.3807	0.9602	2.0000
1.0805	-0.0675	-0.5737	0.0608	1.1639	1.1158	1.8860	2.0000
0.8876	0.0016	0.4792	-0.5513	0.9530	1.3409	0.9340	2.0000
2.1379	-0.0973	-0.3716	0.5054	2.0087	0.6734	0.7757	2.0000
1.5568	-0.0738	-0.0690	0.2281	-0.0324	0.7823	1.0636	2.0000
1.8047	0.5961	-0.1207	0.1468	1.6598	1.6521	1.6191	2.0000
0.0098	0.6644	0.0722	0.3484	1.2911	1.1472	0.7333	2.0000
1.7286	0.4485	0.2757	0.0793	0.4698	1.6642	1.2447	2.0000
0.7354	-0.1575	-0.2397	-0.1343	-0.5097	0.7743	1.3002	2.0000
0.9578	-1.3888	-0.2209	0.1813	0.8688	0.3144	0.3145	2.0000
1.1279	0.0630	0.3769	-0.2802	1.4994	0.6212	0.7485	2.0000
1.2332	-0.0527	-0.2538	-0.4631	1.1301	0.5611	0.6915	2.0000
0.2076	-0.2379	0.2366	0.0655	0.8397	0.8143	1.7324	2.0000
1.1477	-0.2259	0.2805	0.0177	0.9176	0.9192	1.5667	2.0000
0.8834	-0.6057	0.3151	0.5549	0.4760	0.9597	0.7785	2.0000
1.0987	-0.6944	-0.4394	0.2398	0.0586	1.3910	0.5697	2.0000
2.4234	0.9858	0.3054	0.1861	1.7162	1.2183	1.0671	2.0000
1.2842	-0.1043	-0.2561	-0.4182	0.6211	0.5370	0.7587	2.0000
1.5038	0.1556	0.1042	0.5550	0.5168	1.7011	1.8106	2.0000
2.0950	-1.3879	-0.6144	0.1544	-0.0458	1.0003	0.4138	2.0000
1.3344	-0.9673	-0.3124	0.1309	1.5833	1.8674	1.8718	2.0000
1.4853	0.2408	-0.2233	0.5005	0.7545	0.6397	1.0417	2.0000
0.7050	-0.7205	-0.6445	-0.2025	0.3897	0.8155	0.6416	2.0000
1.7793	-0.1448	0.0570	0.0639	0.6518	1.0649	1.3777	2.0000
0.7259	-1.1458	-0.6353	-0.4819	0.4653	1.3500	1.3599	2.0000
1.8670	-0.6050	-0.0477	-0.4980	-0.0151	0.1304	1.0306	2.0000
1.0988	1.5777	-0.0251	0.5140	1.2394	0.0610	-0.6066	3.0000
-0.6373	-1.2026	-0.2143	0.3672	-0.1200	-0.5600	0.2195	3.0000
0.5813	2.2487	0.1101	-0.1641	-0.5597	-0.1014	-0.6062	3.0000
1.4415	2.0474	0.2655	-0.0585	-2.1386	-0.0799	-0.8974	3.0000
0.9672	1.4118	0.2821	0.1453	1.2641	0.2194	-0.1097	3.0000
1.1579	3.1638	-0.5049	0.2728	-1.1197	0.1214	-1.2978	3.0000
0.6410	2.1314	0.0767	0.1093	0.3849	0.4238	-1.2914	3.0000
0.9861	2.0409	-0.2400	-0.3623	-0.7415	-0.1089	-0.2226	3.0000
0.5527	0.9790	0.0583	-0.0686	0.4025	-0.8083	-0.2652	3.0000
0.9294	2.3208	-0.0359	0.3406	0.1481	-0.8411	-0.4314	3.0000
1.3142	1.6059	-0.0852	0.4886	-0.9500	0.3810	-0.7859	3.0000
1.2934	2.1165	-0.3917	-0.1167	-1.3970	0.4741	-1.0000	3.0000
0.7929	0.9046	-0.2053	0.2027	-1.0563	-0.4040	-0.8650	3.0000
1.5447	0.8426	-0.2891	-0.0096	1.5289	-0.1243	-0.2949	3.0000
1.4402	0.7430	-0.0942	-0.0323	0.0774	0.0039	-0.5095	3.0000
0.9926	2.1035	-0.4637	0.2405	-0.4279	1.7751	1.7166	3.0000
1.0900	3.0479	-0.0017	-0.4827	-1.1835	-0.4150	-0.4592	3.0000
-1.1489	-0.6627	-0.0575	0.2262	0.0282	-0.3503	-0.0108	3.0000
1.2816	1.3345	0.0696	0.3773	-0.1369	-0.6951	-0.9883	3.0000
0.3293	1.3646	-0.2098	-0.2827	-0.1556	0.1192	-1.0024	3.0000
0.6200	1.4050	-0.1359	-0.4075	0.4676	0.5394	-0.4477	3.0000
1.5871	0.3849	-0.1024	-0.1883	0.1836	0.1319	0.1258	3.0000
1.2514	1.6560	0.1152	-0.1330	-0.4648	-0.2464	-0.4832	3.0000
0.3596	0.4761	-0.4785	-0.5277	-0.9682	-0.3465	-1.4504	3.0000
0.2730	3.2768	-0.3895	0.5113	-1.0303	-0.1048	-0.4103	3.0000
0.5053	1.4033	0.2188	-0.3482	1.0897	-0.3836	-0.5976	3.0000
-0.7896	-0.3936	0.3883	-0.4687	0.7684	-0.6792	0.1312	3.0000
-1.2871	-0.6952	-0.1768	-0.4724	0.7794	-0.6984	-0.9364	3.0000
0.8414	1.1300	0.1414	0.2492	0.1367	-0.7338	-0.5012	3.0000
1.5447	1.7470	-0.3313	0.2000	0.4908	-0.4236	-1.2067	3.0000
1.0400	1.3643	-0.2973	-0.3421	-0.0901	-0.9431	-0.3618	3.0000
0.9146	2.8840	-0.5624	-0.2602	-0.8770	-0.1984	-0.5580	3.0000
0.4009	-0.0537	-0.3349	-0.4080	-0.8457	-0.6423	-0.9281	3.0000
-1.4106	-1.1657	0.3621	0.1361	0.3252	-0.4783	-0.5992	3.0000
1.2392	2.6413	-0.4251	0.4226	-1.2679	-0.1553	-0.8064	3.0000
1.1237	-0.3562	0.4434	-0.2341	-0.3620	-0.2792	-0.8476	3.0000
0.5243	0.3181	-0.5235	-0.1840	-0.1099	1.1923	-1.4455	3.0000
0.8196	0.5442	-0.3747	0.0053	-0.5052	-0.5355	-0.4293	3.0000
1.6697	0.9423	-0.2482	-0.5159	0.3057	0.7613	-1.1142	3.0000
0.4689	4.0666	-0.5378	-0.2520	-1.4404	0.0058	-0.0725	3.0000
0.6234	1.0300	0.1710	0.0369	0.2021	0.9677	-1.8062	3.0000
0.8605	2.2564	-0.2754	0.1213	-0.9643	0.3275	-1.4099	3.0000
0.8450	2.0196	0.0090	-0.1783	-0.4805	-0.1277	-1.9518	3.0000
1.0917	2.0883	-0.1837	0.5264	-0.6458	0.0187	-0.1040	3.0000
-0.5718	0.4092	0.1565	0.1062	-0.1457	0.3539	0.1791	3.0000
0.3141	1.9202	0.0535	-0.2585	-0.4621	-0.7491	-0.6585	3.0000
1.5613	0.3287	-0.4811	-0.4801	0.2972	-0.4341	-0.4847	3.0000
0.8162	1.6085	-0.5511	0.4245	-0.8081	-0.9224	-1.9921	3.0000
0.8422	1.1150	0.3495	-0.2238	-0.1839	-0.1890	-1.9817	3.0000
0.6436	1.6273	0.1543	0.1053	-0.5732	-0.6561	-0.9579	3.0000
1.2245	1.5599	-0.5911	-0.3462	0.3296	-0.7662	-1.0266	3.0000
0.7734	4.0464	0.0429	0.1714	-1.5190	-0.1874	-0.6511	3.0000
1.2538	2.1767	0.2328	0.3488	-0.7175	0.3098	-0.4269	3.0000
1.3114	1.0995	0.1589	-0.3019	1.0381	-0.1933	-0.2011	3.0000
0.4515	2.7161	0.2873	-0.3530	-1.0939	-0.5444	-0.8811	3.0000
0.8008	1.8268	-0.3239	-0.4994	0.2209	-1.1700	-1.5927	3.0000
1.4156	0.4287	0.3003	-0.0175	0.5591	-0.3276	-0.2936	3.0000
1.1949	1.8101	-0.0086	-0.0920	1.5652	-0.9765	-0.4496	3.0000
1.4599	0.3042	0.0392	0.1300	0.1635	-0.2056	-0.0497	3.0000
1.4670	1.2026	-0.2553	-0.5184	-0.3819	-0.4444	-0.6037	3.0000
0.9431	2.2553	0.2534	0.2724	-1.6936	0.0826	-1.3289	3.0000
0.4088	3.3063	-0.1238	0.1821	-0.9887	0.1409	-0.2974	3.0000
0.5556	1.1854	0.1547	0.1371	-0.7650	-0.9626	-0.2947	3.0000
0.5670	0.9412	-0.0756	0.3448	0.4132	-1.0793	-0.2861	3.0000
0.9687	2.0386	-0.0288	0.2191	-0.2345	0.0313	-1.7570	3.0000
1.2182	0.5318	-0.2592	0.2991	-0.2636	0.9362	-0.8196	3.0000
0.2756	0.6876	-0.1961	-0.0428	-0.8838	-0.6907	-0.2620	3.0000
0.1694	0.7783	-0.4649	0.1880	-0.6582	-0.6276	-1.2091	3.0000
0.8070	0.5685	-0.3955	-0.2563	-0.4079	0.8539	-1.0787	3.0000
0.6573	1.8381	-0.2243	-0.0299	0.0036	-0.5409	-1.3225	3.0000
0.5434	0.4113	-0.4610	-0.0092	-0.9833	-0.5910	-1.1419	3.0000
0.7238	3.6153	-0.3840	-0.0841	-1.3533	-0.4451	0.1793	3.0000
1.4054	0.9484	-0.0569	-0.4587	-0.2558	0.5172	-0.2762	3.0000
1.4146	1.3006	-0.4054	-0.2567	-0.0644	-0.2856	-0.5851	3.0000
1.1842	1.9160	-0.3747	-0.4450	-0.5362	-0.6586	-1.2893	3.0000
0.6021	1.6533	-0.4464	-0.5149	-0.4336	-0.1009	-1.2217	3.0000
0.6180	0.8165	0.2864	-0.2141	-0.6340	-0.6517	-1.0873	3.0000
1.1031	1.6419	-0.2376	0.3165	0.0237	-0.1600	-1.9206	3.0000
0.9564	1.7783	0.1533	0.0098	-0.2394	-0.7608	-0.4446	3.0000
0.4966	1.2201	0.1070	0.0723	0.0662	-0.4362	-0.8415	3.0000
1.1257	2.3663	0.1940	-0.4930	0.4255	-0.5068	-0.0202	3.0000
0.5390	2.7999	-0.1188	-0.3957	-1.5736	-0.3337	-0.3623	3.0000
0.6442	2.8147	-0.5552	0.1673	-0.5379	-0.5878	-1.4004	3.0000
1.1085	2.7644	-0.4989	-0.0164	-1.1537	0.7357	0.6652	3.0000
0.7372	1.6223	0.0057	0.2259	0.5058	-0.7278	-0.7623	3.0000
1.5874	0.5300	-0.4502	0.2581	-0.6132	0.5132	-1.0940	3.0000
1.3922	2.0382	0.4152	-0.0551	-1.1281	-0.9364	0.0413	3.0000
0.9450	0.4465	0.4339	0.2985	0.5103	-0.8205	-0.2171	3.0000
1.1389	2.4077	-0.5353	-0.1576	0.2668	0.0817	-1.5417	3.0000
0.4448	1.3970	0.3178	0.2803	-0.5403	-0.5635	-1.1665	3.0000
-0.8832	-1.1683	-0.5236	-0.4551	0.3283	-1.4058	-1.0639	3.0000
0.6942	1.9497	0.0531	-0.2316	-0.1959	-0.2407	-0.6815	3.0000
0.9404	1.3732	0.1654	0.3492	-0.7298	-0.7978	-0.9479	3.0000
1.0480	2.3190	-0.4397	0.2703	-0.6175	0.5171	0.2255	3.0000
0.9329	0.4624	-0.5618	0.0032	-0.6010	-0.2063	-0.5275	3.0000
1.1439	2.8261	0.2664	0.0848	-2.9530	0.3364	-1.6160	3.0000
1.2426	0.8267	-0.3594	0.3651	-0.0997	-1.0257	-0.6819	3.0000
1.0683	2.1483	-0.3747	-0.0907	1.2528	-0.4362	-1.4448	3.0000
1.0881	1.6592	-0.5783	0.1510	-0.6111	-0.7527	-1.1176	3.0000
0.4823	1.2095	-0.3376	0.1417	-0.1278	-0.6563	-0.8386	3.0000
0.4510	0.8269	0.2999	0.3421	-0.9203	-0.1921	-1.3277	3.0000
1.4712	1.9662	0.4350	-0.3322	0.7463	-0.3055	-1.4574	3.0000
0.9226	2.0044	-0.2741	-0.5233	-0.1830	-1.0844	-1.2245	3.0000
1.7046	2.0376	0.0341	-0.1457	-1.1887	-0.1914	-1.2790	3.0000
1.0404	1.9294	-0.1392	0.2416	-2.2776	-0.1933	-1.1201	3.0000
0.6207	0.8066	-0.3846	0.0136	0.9543	-0.5596	-0.8211	3.0000
1.4928	2.7111	0.0530	0.0677	-2.5477	0.5471	-1.2145	3.0000
0.4427	0.7655	0.1337	0.1799	-0.2528	-0.8948	-0.9500	3.0000
0.9516	1.9724	0.3263	0.3158	-1.7074	0.4279	-0.0398	3.0000
0.4273	2.1140	0.2984	-0.4184	-0.7072	-0.2052	-0.5499	3.0000
0.8762	0.9441	-0.3474	0.4316	-0.2918	0.3765	-0.6068	3.0000
0.8793	2.6105	0.2577	-0.0816	-0.6495	-0.4195	-0.8232	3.0000
0.5594	1.9071	-0.0554	0.0750	-0.9574	0.1678	0.4691	3.0000
0.7561	3.1335	-0.3061	0.3193	-1.0878	-0.4082	-0.8990	3.0000
0.7629	2.8155	-0.0800	0.2718	-0.7548	-0.1010	-0.6293	3.0000
1.2555	2.8395	-0.4399	0.4923	-1.1283	-0.5926	-1.9300	3.0000
-0.7672	0.3043	0.2755	0.4092	0.8385	-0.5504	0.0469	3.0000
1.6415	2.3996	-0.1254	0.5051	-1.1779	0.5854	-0.9525	3.0000
1.2222	0.6722	0.1976	-0.0174	-0.3042	-1.0597	-0.7278	3.0000
