  0.89   0.04
  1.86   0.04
  0.97   0.04
  2.26   0.04
  2.71   0.02
  2.95   0.03
  1.79   0.04
  3.39   0.05
  2.39   0.02
  3.04   0.02
  3.66   0.22
  2.84   0.02
  2.38   0.02
  3.05   0.05
  2.11   0.03
  2.00   0.03
  2.56   0.02
  2.92   0.05
  2.86   0.02
  2.96   0.03
  3.42   0.05
  1.98   0.04
  3.13   0.02
  3.54   0.09
  2.62   0.02
  1.96   0.02
  2.75   0.04
  1.11   0.03
  2.82   0.02
  3.64   0.09
  3.18   0.02
  2.71   0.02
  3.33   0.05
  3.17   0.02
  2.63   0.03
  2.61   0.02
  1.12   0.03
  2.51   0.03
  2.44   0.02
  2.78   0.03
  3.82   0.13
  3.36   0.02
  3.15   0.02
  3.78   0.05
  3.77   0.02
  2.41   0.02
  3.23   0.03
  2.27   0.03
  3.31   0.06
  2.25   0.03
  3.06   0.02
  3.07   0.03
  3.27   0.02
  3.44   0.02
  3.54   0.02
  3.94   1.19
  3.41   0.02
  3.08   0.03
  3.86   0.05
  3.49   0.02
  2.50   0.02
  2.42   0.02
  1.49   0.03
  0.45   0.05
  1.81   0.05
  1.75   0.03
  0.53   0.04
  1.53   0.03
  1.24   0.02
  0.84   0.04
  1.96   0.02
  2.03   0.03
  2.81   0.13
  1.67   0.02
  1.97   0.03
  0.00   0.06
  1.73   0.02
  1.98   0.05
  1.83   0.03
  0.00   0.05
  2.76   0.04
  2.53   0.02
  2.84   0.03
  3.34   0.05
  2.79   0.03
  2.37   0.03
  3.57   0.09
  2.80   0.02
  2.27   0.04
  3.19   0.05
  2.19   0.03
  3.17   0.02
  3.71   0.17
  3.11   0.02
  3.40   0.02
  3.70   0.05
  2.83   0.03
  2.83   0.02
  3.67   0.05
  2.76   0.02
  2.63   0.02
  2.78   0.05
  2.01   0.03
  2.69   0.03
  1.13   0.03
  1.56   0.03
  2.68   0.05
  0.00   0.05
  2.55   0.02
  3.09   0.03
  3.10   0.02
  3.86   0.40
  3.79   0.02
  3.28   0.03
  3.06   0.03
  1.86   0.02
  0.40   0.05
  1.52   0.04
  4.61   0.01
  5.92   0.01
  6.81   0.03
  6.04   0.01
  8.50   0.02
  5.91   0.01
  8.23   0.01
  3.93   0.01
 10.39   0.01
 11.30   0.04
 11.22   0.01
  8.71   0.01
  7.54   0.01
 10.75   0.01
 10.84   0.01
 10.32   0.01
 11.34   0.01
 10.32   0.01
 11.57   0.06
  8.11   0.01
  9.59   0.02
  1.00   0.04
 10.32   0.03
  3.71   0.02
  8.24   0.01
 10.91   0.01
  8.77   0.02
 11.36   0.02
  9.68   0.01
 11.17   0.01
 11.75   0.01
 11.86   0.01
  9.47   0.01
 11.37   0.02
 12.06   0.02
 10.78   0.01
  4.54   0.03
 12.40   0.03
  9.06   0.02
 12.29   0.01
 11.51   0.01
  8.84   0.01
 11.09   0.01
 12.65   0.03
  9.81   0.02
 11.64   0.00
 11.80   0.01
 11.89   0.01
 12.36   0.01
 11.71   0.01
 12.97   1.02
 12.54   0.01
 11.25   0.01
 11.76   0.01
 12.27   0.02
  4.06   0.03
  9.08   0.01
 12.34   0.03
  9.51   0.01
 10.76   0.01
 11.90   0.01
  7.50   0.01
 10.27   0.01
  5.73   0.03
 10.73   0.01
 10.87   0.02
 10.57   0.02
 10.16   0.00
  8.71   0.01
 10.10   0.02
  6.30   0.02
  6.51   0.02
 10.97   0.02
  8.91   0.02
  7.56   0.03
  8.16   0.01
 11.34   0.06
  6.37   0.01
  5.76   0.02
 10.56   0.02
  8.02   0.02
  8.47   0.02
  7.07   0.01
  0.52   0.04
 10.64   0.01
 10.26   0.01
 10.72   0.01
 10.75   0.01
 10.95   0.01
 11.54   0.03
  2.43   0.04
 11.16   0.01
  9.21   0.02
 11.33   0.01
 11.62   0.01
  9.16   0.01
  9.89   0.02
 11.85   0.02
  8.09   0.01
 12.34   0.01
 12.65   0.12
 12.38   0.01
 12.14   0.01
  9.00   0.02
 11.60   0.01
 11.71   0.01
 12.09   0.02
  6.27   0.03
 11.50   0.01
 12.14   0.01
 11.98   0.01
 12.15   0.05
  9.68   0.01
 10.98   0.02
  1.73   0.03
  9.47   0.02
  6.59   0.02
  8.81   0.02
  4.48   0.02
  7.52   0.01
  6.01   0.01
  5.84   0.01
  2.26   0.02
  3.38   0.02
  3.90   0.02
  4.34   0.11
  2.85   0.03
  4.16   0.02
  4.01   0.01
  0.71   0.03
  3.82   0.03
  4.20   0.01
  4.21   0.03
  4.15   0.01
  4.64   0.11
  4.46   0.02
  3.34   0.01
  3.70   0.03
  0.00   0.07
  3.91   0.01
  3.97   0.02
  4.10   0.03
  4.07   0.01
  5.11   1.56
  4.75   0.01
  3.55   0.01
  4.13   0.01
  4.90   0.05
  2.47   0.03
  4.17   0.02
  3.76   0.02
  4.17   0.04
  4.09   0.02
  2.43   0.03
  4.46   0.09
  3.51   0.03
  4.06   0.01
  4.32   0.04
  3.72   0.01
  3.09   0.01
  3.74   0.04
  0.00   0.05
  2.65   0.02
  3.27   0.02
  2.02   0.03
  3.83   0.01
  3.89   0.06
  3.84   0.02
  3.88   0.04
  2.13   0.04
  2.57   0.03
  4.67   0.05
  3.99   0.03
  4.14   0.01
  4.19   0.01
  4.68   0.18
  3.66   0.02
  3.96   0.03
  2.50   0.02
  0.38   0.05
  3.84   0.02
  3.86   0.01
  3.92   0.03
  3.80   0.01
  4.49   0.01
  4.50   0.18
  2.74   0.02
  3.52   0.03
  3.28   0.01
  1.83   0.03
  3.34   0.04
  2.75   0.03
  2.34   0.03
  2.36   0.02
  2.23   0.02
  2.47   0.02
  3.86   0.02
  4.01   0.10
  3.55   0.02
  3.69   0.03
  3.70   0.04
  0.46   0.04
  3.18   0.02
  2.44   0.03
  3.57   0.05
  1.38   0.02
  2.03   0.03
  2.66   0.04
  2.53   0.01
  3.73   0.01
  4.42   0.11
  3.57   0.02
  3.62   0.04
  3.88   0.04
  3.78   0.01
  3.28   0.01
  3.37   0.04
  1.04   0.04
  0.00   0.07
  2.56   0.02
  2.49   0.02
  2.89   0.03
  2.91   0.04
  1.36   0.02
  3.21   0.03
  3.98   0.04
  1.44   0.03
  3.85   0.01
  4.49   0.27
  4.30   0.01
  4.21   0.01
  3.55   0.03
  4.47   0.05
  1.18   0.03
  3.88   0.03
  3.05   0.02
  3.74   0.03
  3.78   0.03
  3.43   0.01
  3.96   0.09
  2.89   0.03
  2.53   0.01
  3.71   0.04
  2.54   0.03
  3.43   0.02
  3.59   0.04
  0.42   0.05
  3.35   0.03
  2.88   0.02
  2.96   0.01
  3.61   0.03
  2.38   0.04
  4.14   0.12
  3.95   0.01
  3.42   0.02
  3.12   0.01
  2.91   0.03
  2.46   0.01
  3.59   0.07
  3.43   0.01
  2.90   0.02
  0.00   0.06
  2.88   0.01
  3.37   0.04
  3.12   0.02
  2.11   0.02
  3.82   0.24
  1.17   0.03
  2.56   0.03
  2.85   0.04
  1.57   0.02
  2.01   0.02
  6.78   0.02
  8.31   0.01
  9.39   0.01
  8.94   0.01
 11.00   0.02
 10.95   0.02
  9.97   0.01
  6.75   0.03
 13.97   0.01
  9.83   0.01
 13.41   0.01
 15.02   0.01
 15.09   0.01
 15.33   0.10
  8.97   0.03
 11.03   0.01
 14.49   0.02
 15.17   0.01
  7.72   0.01
 14.28   0.00
 14.51   0.02
  6.56   0.01
 13.32   0.01
 14.28   0.01
  7.30   0.02
 11.27   0.01
 12.75   0.02
  5.47   0.02
 14.49   0.02
 14.87   0.04
 14.41   0.01
  9.51   0.01
 10.34   0.01
 11.68   0.02
 11.89   0.01
 14.71   0.02
 13.42   0.02
 10.75   0.01
 13.82   0.02
  2.35   0.04
 14.87   0.01
 15.28   0.01
 15.69   0.12
 12.75   0.01
  6.19   0.02
 10.26   0.02
 13.92   0.01
 14.80   0.02
  9.59   0.02
 13.92   0.01
  9.44   0.01
 11.30   0.02
 14.14   0.02
 11.83   0.01
 13.69   0.00
 14.03   0.02
 11.53   0.01
  8.56   0.03
  2.22   0.02
 11.37   0.01
  5.48   0.02
  3.37   0.01
 13.12   0.01
 13.29   0.01
 14.42   0.03
 13.03   0.01
 12.00   0.01
  5.40   0.02
 13.39   0.02
 12.75   0.00
 13.05   0.01
 14.52   0.02
 13.18   0.02
 11.97   0.02
  7.76   0.01
 11.22   0.01
 15.81   0.03
 15.79   0.01
 14.29   0.01
 15.50   0.01
  9.12   0.02
  7.15   0.01
 10.80   0.01
 15.17   0.01
 13.37   0.02
 16.17   0.02
 11.20   0.01
 13.99   0.02
 15.62   0.01
  6.73   0.02
 16.33   0.02
 15.22   0.01
 15.78   0.01
 15.17   0.01
 13.66   0.01
  9.68   0.02
 16.61   0.00
 14.81   0.01
 15.93   0.01
 13.53   0.01
 10.83   0.01
 12.58   0.02
 16.36   0.02
  8.09   0.01
 16.77   1.56
 16.26   0.01
 13.92   0.01
  5.34   0.03
 14.65   0.01
 12.13   0.01
 15.54   0.02
 12.43   0.01
 13.14   0.01
 12.61   0.01
 12.19   0.01
 11.77   0.01
  6.21   0.01
  7.59   0.02
  9.82   0.01
  2.16   0.02
  6.86   0.01
  6.60   0.02
